time files tags numtags
0.118066 1070 1002 8 
0.169267 1199 1003 8 
0.149563 1436 1004 11 
0.142621 4245 1008 9 
0.127505 4247 1009 8 
0.127787 5018 1013 9 
0.122171 5599 1016 5 
0.119914 6842 1018 8 
0.099094 8632 1020 5 
0.150177 9835 1021 11 
0.157081 10267 1022 12 
0.203773 10694 1023 13 
0.114714 11491 1027 4 
0.157358 11562 1028 8 
0.160856 12119 1030 9 
0.125985 12875 1032 6 
0.193243 13518 1036 12 
0.121008 13977 1038 5 
0.16488 14115 1039 11 
0.106403 14816 1041 3 
0.11551 17960 1050 7 
0.129071 19392 1053 9 
0.180191 22370 1058 8 
0.06343 22454 1060 0 
0.152267 22465 1061 11 
0.238036 559 1003 4 
0.123667 793 1005 7 
0.110606 2607 1007 6 
0.12506 3812 1011 7 
0.110411 3939 1012 6 
0.175042 3969 1013 13 
0.093854 4117 1014 3 
0.114736 5143 1015 7 
0.180653 6119 1017 9 
0.118007 6281 1018 7 
0.109397 7995 1022 6 
0.139799 8879 1025 4 
0.12243 10651 1028 8 
0.13888 10909 1029 9 
0.156441 11196 1031 4 
0.115103 11763 1032 7 
0.107044 12118 1035 5 
0.149452 14808 1044 11 
0.113092 18540 1053 7 
0.124192 19122 1055 8 
0.110597 19453 1057 6 
0.115536 24540 1061 7 
0.125495 24772 1064 8 
0.141908 25101 1067 10 
0.230611 25684 1070 12 
0.14297 27135 1075 10 
0.092295 27284 1076 3 
0.09635 30100 1083 4 
0.093775 30104 1084 3 
0.098378 30156 1085 4 
0.123536 2147 1004 8 
0.160947 2349 1005 10 
0.123569 4097 1010 5 
0.140495 5337 1012 9 
0.096129 5482 1013 3 
0.242292 5584 1015 8 
0.11962 5854 1016 7 
0.215318 6780 1017 13 
0.125958 7670 1018 5 
0.108745 8831 1023 6 
0.251045 9856 1027 9 
0.112334 10070 1028 6 
0.110453 10182 1029 6 
0.170572 10359 1031 13 
0.181936 10962 1035 13 
0.134551 12460 1040 8 
0.117744 14852 1042 6 
0.153009 17024 1045 10 
0.124186 18068 1049 7 
0.161772 19330 1051 11 
0.133827 19614 1052 6 
0.169285 20697 1055 10 
0.215344 22918 1061 11 
0.091741 23707 1064 3 
0.123655 23900 1065 7 
0.119515 24749 1067 7 
0.126401 25091 1070 8 
0.150325 26528 1071 11 
0.256861 27293 1074 11 
0.097656 27451 1075 4 
0.137903 28054 1078 9 
0.126198 30658 1087 8 
0.116446 33110 1090 7 
0.100123 33868 1093 4 
0.228223 35310 1098 12 
0.116867 35356 1099 7 
0.082941 35797 1100 1 
0.121964 37392 1107 7 
0.126505 37741 1109 8 
0.109036 37777 1110 6 
0.160894 37924 1111 12 
0.111387 38573 1116 6 
0.186485 38827 1118 14 
0.133292 38912 1119 9 
0.136426 39013 1120 9 
0.143134 40030 1121 8 
0.115116 40883 1125 6 
0.187191 42003 1127 8 
0.098138 43652 1131 4 
0.130877 43745 1132 8 
0.129724 44087 1134 8 
0.103291 44651 1137 4 
0.147448 45261 1139 10 
0.099212 46723 1143 4 
0.119956 49679 1155 7 
0.096484 50309 1158 3 
0.150926 51570 1161 5 
0.223703 51864 1162 13 
0.107823 53284 1163 6 
0.165745 53289 1164 11 
0.143501 54354 1166 10 
0.115159 54576 1167 7 
0.108687 54595 1168 5 
0.123298 55319 1169 7 
0.170118 57636 1173 13 
0.112191 60240 1181 6 
0.148723 60326 1182 11 
0.121942 61509 1185 8 
0.136936 62423 1189 9 
0.089712 62695 1190 3 
0.112337 63630 1194 6 
0.184388 63770 1195 9 
0.186744 64007 1196 9 
0.212109 64024 1197 12 
0.206059 66520 1206 12 
0.161453 68396 1209 11 
0.088585 68969 1211 1 
0.124035 69282 1213 7 
0.130717 71609 1217 2 
0.144302 71844 1218 10 
0.160922 72499 1221 12 
0.08851 72540 1222 2 
0.123055 72795 1223 8 
0.118476 74474 1226 7 
0.144402 75665 1230 9 
0.091401 76969 1236 2 
0.16219 78782 1242 11 
0.144146 79730 1246 9 
0.094005 80470 1250 2 
0.135374 80922 1252 8 
0.12943 84878 1265 7 
0.09247 85910 1271 2 
0.107274 86015 1272 4 
0.095208 86541 1273 3 
0.158874 87412 1274 11 
0.248386 87937 1280 9 
0.212718 88009 1281 8 
0.101211 88330 1283 5 
0.163022 88487 1285 11 
0.111606 88668 1286 4 
0.186243 89979 1289 12 
0.148585 90379 1292 10 
0.153071 91033 1293 7 
0.136711 91165 1294 6 
0.117367 93241 1299 4 
0.144595 94319 1303 10 
0.14022 95023 1304 9 
0.16183 95243 1307 11 
0.139145 96697 1311 9 
0.145939 96849 1312 10 
0.118686 98002 1314 7 
0.117124 98852 1319 7 
0.223534 1317 1003 7 
0.252489 1431 1004 9 
0.23303 1967 1006 10 
0.214572 2231 1007 8 
0.295153 2353 1008 12 
0.229812 2519 1009 9 
0.181011 3257 1012 4 
0.185557 3288 1013 5 
0.125804 5340 1019 7 
0.17418 6301 1022 5 
0.226435 7383 1024 8 
0.2155 8692 1028 8 
0.18085 13 1001 11 
0.183765 1446 1002 6 
0.227867 1798 1003 10 
0.209622 4272 1011 6 
0.157666 5366 1017 4 
0.398471 5638 1018 7 
0.128007 5802 1019 1 
0.303109 7231 1024 13 
0.301277 7774 1025 11 
0.219247 10095 1028 12 
0.215068 10705 1030 8 
0.22844 11270 1032 8 
0.256579 12207 1033 11 
0.222293 15489 1044 10 
0.242103 16129 1046 11 
0.206963 17556 1050 8 
0.273038 18392 1052 10 
0.160434 18901 1055 10 
0.264292 19222 1056 9 
0.145777 19350 1057 9 
0.269309 19764 1060 12 
0.108669 23138 1069 6 
0.260185 23560 1073 14 
0.212647 23790 1074 7 
0.128119 25011 1077 7 
0.159412 27496 1084 7 
0.12069 28593 1087 6 
0.211995 29630 1089 8 
0.337624 29870 1090 13 
0.208544 30204 1091 8 
0.166764 32026 1099 3 
0.116059 33116 1105 7 
0.246834 33269 1107 12 
0.212081 34684 1109 7 
0.150456 36232 1112 10 
0.24653 39100 1121 10 
0.236539 40082 1122 9 
0.17363 40138 1123 7 
0.199531 42490 1125 6 
0.220531 44674 1129 15 
0.257027 45593 1132 11 
0.207488 45743 1133 7 
0.185382 49256 1142 5 
0.19623 50323 1147 6 
0.149197 50507 1148 1 
0.1978 51015 1150 7 
0.183228 51283 1153 7 
0.288648 51627 1155 11 
0.240058 53714 1162 6 
0.314657 55251 1166 7 
0.099376 56318 1167 2 
0.190574 56890 1168 5 
0.24903 58534 1173 10 
0.140757 59776 1175 1 
0.226027 61937 1176 8 
0.269513 63382 1180 6 
0.29978 64616 1182 13 
0.240118 66084 1187 9 
0.155871 67031 1188 1 
0.189503 67105 1189 12 
0.210727 67501 1191 7 
0.283623 67979 1193 11 
0.19697 68836 1195 4 
0.116891 69813 1198 6 
0.209746 71403 1204 7 
0.177504 71495 1205 5 
0.243016 73384 1209 9 
0.157783 73693 1211 4 
0.218384 76267 1218 8 
0.273652 77004 1220 12 
0.191663 77172 1222 8 
0.160097 77260 1223 3 
0.134188 78481 1224 8 
0.245698 81034 1228 9 
0.216041 81138 1229 7 
0.21579 81858 1233 7 
0.291705 82096 1234 12 
0.195822 83151 1236 5 
0.192213 83506 1237 7 
0.194947 84235 1240 9 
0.253322 84564 1242 10 
0.197612 84849 1243 6 
0.275808 84971 1244 11 
0.256545 85060 1245 12 
0.217934 85646 1246 7 
0.189761 87499 1251 7 
0.220541 88323 1253 7 
0.1946 88388 1254 6 
0.27916 89382 1256 10 
0.244528 90176 1261 9 
0.26649 90948 1264 11 
0.215027 91236 1265 8 
0.163438 92815 1269 2 
0.245832 92919 1270 10 
0.138623 93349 1271 6 
0.182827 93646 1273 6 
0.230271 93915 1274 8 
0.231418 94537 1279 9 
0.259027 96529 1282 9 
0.232278 96949 1283 8 
0.228342 98255 1287 9 
0.145185 98486 1288 4 
0.210598 98989 1289 7 
0.218224 99283 1291 9 
0.212799 291 1001 14 
0.189008 653 1003 12 
0.126212 2285 1009 3 
0.283869 2545 1010 12 
0.222037 3715 1012 11 
0.149928 4323 1015 7 
0.236176 4629 1016 8 
0.127935 6514 1020 3 
0.207792 7645 1024 8 
0.13609 8085 1026 8 
0.137805 8120 1027 8 
0.216509 9763 1029 8 
0.1584 10424 1031 10 
0.284775 10830 1033 14 
0.295093 11867 1036 12 
0.099657 12639 1039 3 
0.13369 12912 1041 8 
0.102876 13702 1042 0 
0.26273 16259 1050 13 
0.18359 17260 1052 6 
0.151854 17783 1053 9 
0.182876 18113 1054 12 
0.202657 18299 1056 7 
0.111577 18762 1057 6 
0.167676 18891 1058 7 
0.154745 19585 1060 10 
0.11212 21813 1067 2 
0.143214 22071 1068 5 
0.159936 23351 1074 10 
0.142958 24047 1076 10 
0.228799 26496 1082 6 
0.19212 26658 1084 6 
0.198987 27043 1085 6 
0.168651 27389 1087 11 
0.183596 31283 1095 6 
0.283022 31297 1096 10 
0.192479 31608 1098 5 
0.177342 32109 1100 5 
0.287401 33016 1104 11 
0.145971 34889 1108 8 
0.177788 35159 1109 5 
0.211474 35777 1112 9 
0.290262 36196 1115 14 
0.221622 37652 1117 8 
0.208405 38321 1119 8 
0.236273 40371 1125 9 
0.197145 41559 1127 7 
0.217706 42181 1129 10 
0.134885 43525 1133 7 
0.105355 45276 1137 3 
0.303708 45298 1138 13 
0.198376 46594 1139 12 
0.144532 46859 1140 8 
0.1149 47316 1142 5 
0.159028 48391 1146 3 
0.107759 48686 1149 4 
0.172277 51232 1152 7 
0.111721 52110 1157 1 
0.197077 52134 1158 6 
0.212389 53610 1162 7 
0.218311 54800 1167 8 
0.263418 55657 1168 11 
0.166215 56465 1172 7 
0.28729 57281 1175 11 
0.226988 58393 1180 7 
0.191377 59332 1182 6 
0.183462 60787 1186 8 
0.152097 62159 1190 1 
0.16168 62718 1193 9 
0.168142 63666 1194 5 
0.257131 64048 1195 9 
0.157264 64749 1198 10 
0.297951 67613 1204 8 
0.225592 67855 1205 13 
0.202108 68279 1207 7 
0.154409 69938 1215 10 
0.204202 72357 1222 8 
0.127173 74081 1227 6 
0.287644 74451 1229 11 
0.09874 75274 1232 1 
0.307395 75465 1233 12 
0.174356 75664 1234 8 
0.133035 77362 1238 8 
0.165056 77773 1241 5 
0.137506 78091 1243 8 
0.202437 78268 1245 6 
0.26621 80636 1251 10 
0.204686 83826 1259 8 
0.186684 86041 1262 5 
0.253341 87034 1263 9 
0.247704 87272 1264 11 
0.164515 87503 1266 9 
0.153743 87856 1268 6 
0.149949 88735 1270 6 
0.243019 88921 1272 9 
0.261736 89905 1278 9 
0.232073 90211 1279 8 
0.136701 90817 1281 7 
0.18128 91572 1284 6 
0.137966 91589 1285 7 
0.17073 91641 1286 3 
0.229586 92051 1288 15 
0.287251 92217 1289 11 
0.282666 92431 1290 12 
0.10504 93272 1294 4 
0.215736 93467 1295 7 
0.158129 95131 1298 10 
0.185257 95249 1299 11 
0.177763 97783 1305 3 
0.191058 98522 1307 5 
0.296305 99116 1308 18 
0.258515 99470 1310 10 
0.112532 2364 1005 0 
0.156168 2942 1006 5 
0.192349 3812 1010 9 
0.520059 4070 1012 13 
0.393631 4471 1014 18 
0.131 4616 1015 8 
0.152066 5050 1017 9 
0.132493 6140 1020 8 
0.195311 6599 1021 7 
0.188597 9217 1030 7 
0.171492 9391 1031 8 
0.257815 10330 1034 16 
0.246516 12886 1039 5 
0.307131 13715 1041 7 
0.212567 18178 1055 11 
0.280993 18444 1056 12 
0.13216 18448 1057 1 
0.199716 20248 1061 8 
0.179494 20705 1065 6 
0.172663 21945 1068 4 
0.131495 23102 1070 7 
0.284075 23273 1071 8 
0.151382 23441 1072 10 
0.209634 25604 1075 10 
0.126687 26450 1078 7 
0.134625 27142 1080 8 
0.123111 27197 1081 6 
0.277462 28508 1085 13 
0.147359 29901 1088 9 
0.161563 29926 1089 11 
0.178878 30606 1093 5 
0.278602 30839 1094 13 
0.186076 30876 1095 6 
0.202837 32391 1097 10 
0.243541 33934 1101 10 
0.224448 36053 1108 9 
0.284573 36464 1109 13 
0.101794 37192 1111 4 
0.200503 37491 1113 7 
0.201734 37770 1114 6 
0.193564 38846 1119 7 
0.168303 41468 1124 11 
0.129701 44442 1129 2 
0.200195 45004 1133 5 
0.189066 45693 1135 7 
0.215285 46668 1137 9 
0.211896 49775 1144 8 
0.243162 49777 1145 10 
0.226716 50154 1147 7 
0.130745 50474 1150 8 
0.268873 51842 1154 6 
0.225872 58773 1169 9 
0.19309 59532 1172 12 
0.106166 60048 1176 0 
0.147337 61896 1180 7 
0.151424 62133 1181 9 
0.224922 62304 1182 9 
0.128314 63885 1186 7 
0.097441 65134 1190 3 
0.202395 66407 1193 7 
0.177815 67092 1195 6 
0.16688 69233 1199 8 
0.151982 70794 1203 3 
0.254919 71120 1204 9 
0.162183 71296 1205 6 
0.174734 71939 1207 8 
0.306046 72399 1208 14 
0.121051 73849 1210 7 
0.180048 74598 1211 10 
0.148701 78438 1221 9 
0.147117 79515 1226 9 
0.167488 79675 1229 2 
0.212567 81822 1234 12 
0.163719 82726 1235 5 
0.176598 82789 1236 11 
0.168906 82899 1238 10 
0.113693 84440 1242 5 
0.284206 85621 1247 13 
0.235297 86175 1249 8 
0.155478 89169 1254 7 
0.255705 90059 1258 10 
0.274418 90984 1261 12 
0.214979 91339 1262 5 
0.235022 91413 1263 9 
0.2031 93635 1273 10 
0.187325 93899 1274 5 
0.209641 95240 1278 6 
0.232489 96690 1285 7 
0.304995 99441 1299 12 
0.16349 199 1002 10 
0.111583 1230 1005 0 
0.175962 5387 1016 5 
0.153912 5783 1017 4 
0.253989 7119 1019 10 
0.089505 8066 1022 3 
0.127348 10482 1027 7 
0.145272 12562 1038 7 
0.173081 13413 1041 9 
0.134977 14676 1046 8 
0.164525 16600 1055 11 
0.231294 19011 1064 9 
0.126823 19048 1065 6 
0.217364 21912 1074 8 
0.277795 21923 1075 12 
0.193514 23200 1077 7 
0.293035 23379 1078 9 
0.155758 25608 1085 7 
0.28709 26038 1086 12 
0.281288 27916 1092 13 
0.111152 28102 1094 4 
0.130025 29199 1097 7 
0.104213 29485 1098 3 
0.20097 31869 1105 7 
0.19247 31870 1106 6 
0.223733 33054 1108 7 
0.175709 33777 1110 10 
0.183564 34745 1113 10 
0.141064 34840 1114 7 
0.208273 34844 1115 13 
0.191174 36867 1119 9 
0.182987 38339 1123 10 
0.190501 40474 1133 6 
0.149793 40726 1134 9 
0.247082 40813 1135 10 
0.202869 42250 1138 10 
0.166996 42317 1139 5 
0.32956 42634 1140 14 
0.199233 45664 1148 6 
0.196349 45897 1150 2 
0.209024 48545 1154 7 
0.145085 49282 1155 5 
0.157286 49904 1157 9 
0.178226 50184 1159 6 
0.226397 50828 1161 11 
0.175222 51593 1164 4 
0.252288 52090 1169 11 
0.225783 52433 1171 9 
0.191088 54280 1174 7 
0.18019 55055 1177 12 
0.116798 56105 1181 6 
0.231128 58736 1186 9 
0.175531 58831 1187 5 
0.269514 60162 1193 12 
0.181783 60775 1195 6 
0.286595 61193 1197 12 
0.096213 61344 1198 2 
0.137546 61457 1200 7 
0.239959 62282 1203 7 
0.151336 62899 1204 9 
0.225149 63841 1208 8 
0.197043 65981 1214 8 
0.223113 67497 1220 15 
0.189984 67690 1223 5 
0.251863 69274 1231 9 
0.27877 70625 1232 12 
0.133381 71680 1235 7 
0.24037 72821 1237 8 
0.182227 75190 1241 12 
0.200132 75686 1242 6 
0.21126 76457 1243 11 
0.214674 78388 1247 6 
0.16131 78793 1249 7 
0.120989 79274 1251 3 
0.154478 79600 1252 10 
0.196929 83569 1261 8 
0.20662 84520 1266 7 
0.271555 85304 1270 10 
0.179346 85497 1271 11 
0.235912 87061 1279 12 
0.121525 87579 1284 3 
0.200114 89617 1287 8 
0.280242 90197 1289 11 
0.094917 91614 1292 2 
0.263466 91628 1293 10 
0.196513 91812 1294 5 
0.187269 91916 1297 9 
0.17459 93283 1299 3 
0.193138 94087 1304 5 
0.29741 94700 1307 12 
0.224921 95318 1309 7 
0.138785 96058 1310 7 
0.170914 97958 1315 6 
0.086128 97969 1316 1 
0.227333 98530 1318 6 
0.156645 99222 1321 9 
0.248889 99299 1323 9 
0.209106 99439 1324 6 
0.20326 118 1001 7 
0.22816 844 1003 10 
0.187766 871 1004 6 
0.227652 2377 1010 9 
0.161629 3361 1012 10 
0.16148 4279 1013 3 
0.183621 4719 1015 9 
0.15481 5865 1017 6 
0.257826 7145 1022 12 
0.256225 8417 1027 9 
0.204324 9093 1030 7 
0.215064 10167 1031 6 
0.152343 10280 1032 7 
0.257967 10506 1033 9 
0.253632 10560 1034 11 
0.168394 11226 1036 11 
0.227695 12402 1038 8 
0.204883 14323 1042 6 
0.230073 16766 1053 9 
0.122929 17127 1054 2 
0.171017 17225 1055 6 
0.206163 17866 1059 9 
0.127868 19527 1062 7 
0.263092 21559 1066 13 
0.154179 21933 1071 9 
0.141732 22390 1072 9 
0.140385 23076 1074 9 
0.244625 23511 1077 13 
0.209123 23851 1080 7 
0.168896 26382 1084 11 
0.139505 27940 1089 9 
0.252779 28042 1090 9 
0.171003 30350 1100 10 
0.165999 30515 1101 4 
0.21731 31537 1103 9 
0.190086 33342 1107 5 
0.217377 36451 1115 9 
0.081613 36547 1116 1 
0.167104 36578 1117 4 
0.263393 36711 1118 9 
0.231799 40574 1128 16 
0.146849 41408 1132 9 
0.10964 41999 1134 4 
0.185708 42008 1135 6 
0.199267 43012 1141 11 
0.208964 43081 1142 7 
0.296956 44399 1146 13 
0.12569 47011 1154 6 
0.157667 48391 1157 9 
0.19012 48435 1158 12 
0.190444 48661 1159 12 
0.304282 50436 1166 11 
0.163412 51960 1170 3 
0.182705 52473 1171 6 
0.095849 53124 1173 3 
0.13464 53440 1174 8 
0.143655 54007 1176 9 
0.205055 55507 1178 7 
0.091928 57362 1181 3 
0.238187 57406 1182 9 
0.248624 57606 1183 11 
0.202452 58108 1184 7 
0.152823 58308 1185 10 
0.126813 58361 1186 3 
0.16188 60517 1190 10 
0.23482 62508 1194 10 
0.10411 62745 1195 3 
0.090904 63121 1196 2 
0.255987 63457 1200 10 
0.39484 63518 1201 9 
0.164114 64172 1203 6 
0.202818 64218 1204 9 
0.229886 64493 1205 8 
0.210768 64968 1206 14 
0.137119 64993 1207 2 
0.249585 65781 1208 8 
0.265897 66164 1211 11 
0.231667 68366 1218 9 
0.22206 70720 1224 13 
0.148109 71322 1226 9 
0.1631 72426 1228 8 
0.160372 73184 1231 4 
0.24814 73397 1232 10 
0.204664 75710 1236 13 
0.222217 76657 1240 8 
0.178355 78044 1244 6 
0.230319 80486 1248 9 
0.258985 80997 1249 10 
0.106619 81035 1250 4 
0.211898 81165 1252 5 
0.231878 81979 1255 9 
0.228699 82296 1256 7 
0.295025 83573 1259 11 
0.215147 84488 1264 8 
0.181092 86114 1266 10 
0.256257 87344 1268 10 
0.13683 91059 1273 8 
0.144702 91869 1274 9 
0.121469 92042 1275 6 
0.124092 92958 1278 7 
0.18125 93085 1280 10 
0.128534 93145 1281 5 
0.139013 93163 1282 8 
0.24914 93224 1284 10 
0.198307 94738 1285 7 
0.128113 95530 1289 7 
0.171966 95708 1290 10 
0.321921 95937 1293 11 
0.186347 97175 1297 9 
0.231571 97343 1298 5 
0.156103 3921 1013 2 
0.192506 4884 1016 6 
0.14814 5908 1018 3 
0.19646 8917 1023 12 
0.193876 10074 1024 7 
0.296186 11225 1027 12 
0.124459 11468 1028 8 
0.185624 11858 1029 7 
0.22062 14508 1035 9 
0.282581 14920 1038 10 
0.086284 15034 1039 0 
0.24886 16378 1043 8 
0.30484 16885 1045 12 
0.314737 17070 1046 12 
0.329929 18341 1051 14 
0.316123 19396 1055 12 
0.337506 20443 1059 15 
0.211738 21123 1062 9 
0.162562 21491 1064 10 
0.537127 22452 1067 8 
0.292124 22559 1069 8 
0.155165 24112 1076 9 
0.141947 24944 1077 9 
0.197047 27877 1087 6 
0.127392 29812 1092 8 
0.156339 30838 1096 8 
0.244861 31113 1097 13 
0.196377 32446 1103 7 
0.179395 32448 1104 6 
0.174287 32887 1107 6 
0.241194 34587 1112 9 
0.174774 39133 1122 11 
0.17508 39507 1123 4 
0.135153 40477 1125 8 
0.15113 41387 1129 2 
0.093169 41769 1130 3 
0.1561 44745 1140 3 
0.178697 47895 1149 6 
0.170634 47969 1150 11 
0.268636 49343 1151 11 
0.176904 49970 1154 8 
0.177685 49987 1155 4 
0.095954 50417 1157 4 
0.190124 50646 1158 12 
0.355244 50961 1161 9 
0.098317 52067 1165 3 
0.465455 52114 1166 9 
0.178502 52587 1168 11 
0.229895 53839 1173 8 
0.20056 54797 1177 8 
0.154973 56230 1181 9 
0.307387 56607 1182 12 
0.158832 56637 1183 3 
0.264461 57082 1185 7 
0.136207 57870 1189 7 
0.154973 58494 1191 8 
0.264516 60311 1194 12 
0.165824 63888 1202 8 
0.154227 64007 1204 11 
0.192196 66499 1210 13 
0.384388 66576 1211 16 
0.13712 68664 1216 9 
0.2493 72383 1223 10 
0.198827 73884 1226 6 
0.177711 74248 1229 12 
0.133793 75224 1231 8 
0.111157 75315 1232 4 
0.292635 75889 1234 10 
0.198197 77218 1237 13 
0.152651 78225 1240 9 
0.13256 79512 1246 8 
0.177131 82438 1253 11 
0.191854 83063 1255 13 
0.214735 83847 1258 15 
0.120812 83872 1259 6 
0.160416 84486 1262 7 
0.191087 86393 1268 6 
0.129119 87284 1273 8 
0.163782 89432 1279 10 
0.170976 91509 1286 4 
0.161514 93127 1291 5 
0.128929 94302 1296 7 
0.127043 95738 1300 7 
0.149094 95995 1302 6 
0.189373 97329 1304 11 
0.173378 97559 1305 10 
0.22682 98163 1306 8 
0.153589 1765 1020 7 
0.172555 2441 1031 11 
0.204596 2693 1038 6 
0.354822 2874 1042 15 
0.218679 3343 1050 8 
0.220087 3346 1051 7 
0.197076 3418 1053 6 
0.208209 6079 1093 7 
0.112858 6490 1100 4 
0.148976 7187 1111 5 
0.167709 9548 1151 5 
0.190391 9815 1155 9 
0.304337 10355 1166 6 
0.192539 11750 1180 5 
23.7334 11890 1184 8 
0.196964 13380 1210 11 
0.165529 13451 1211 10 
0.114968 13715 1216 0 
0.175668 15012 1233 10 
0.123212 15965 1242 0 
0.11213 16622 1256 5 
0.260668 18230 1286 12 
0.183504 18576 1294 6 
0.267651 18813 1300 18 
0.137328 19994 1316 5 
0.201705 21606 1341 7 
0.202423 21949 1347 11 
0.204793 22902 1359 8 
0.184569 23350 1364 9 
0.160006 23637 1370 11 
0.175286 25893 1402 5 
0.135738 25924 1405 7 
0.193273 25947 1406 6 
0.148087 26185 1413 9 
0.125997 26380 1414 6 
0.182785 27043 1422 9 
0.208058 28527 1442 8 
0.116431 736 1006 6 
0.12304 1636 1016 7 
0.135959 1507 1018 8 
0.116201 1524 1019 6 
0.161628 1798 1024 10 
0.232771 2249 1029 9 
0.233434 2500 1033 12 
0.226042 4128 1056 10 
0.197995 4166 1058 11 
0.23336 5121 1070 7 
0.355977 5927 1081 10 
0.185616 6194 1084 6 
0.166958 8776 1116 5 
0.163195 9611 1133 9 
0.250837 10099 1136 10 
0.187717 12197 1161 5 
0.280389 12415 1167 11 
0.177477 15259 1220 6 
0.109703 17530 1251 1 
0.157795 17939 1255 2 
0.275492 19341 1273 11 
0.136193 19840 1282 6 
0.141645 20139 1287 7 
0.139807 23035 1327 6 
0.146236 26418 1381 8 
0.186994 26559 1383 5 
0.299126 26703 1384 12 
0.246699 27042 1392 6 
0.199272 28142 1413 12 
0.188611 29114 1430 12 
0.25248 29762 1441 9 
0.201418 31137 1456 5 
0.257188 31163 1457 7 
0.233112 33450 1486 5 
0.260288 33763 1488 10 
0.247518 34251 1496 8 
0.185967 35249 1511 11 
0.148185 35416 1513 9 
0.113889 36165 1523 6 
0.218128 37240 1534 15 
0.347005 38542 1548 11 
0.142881 40252 1574 9 
0.192682 41255 1585 6 
0.43674 41320 1586 8 
0.151447 43542 1619 7 
0.206677 43553 1620 7 
0.146334 44193 1625 9 
0.176963 44337 1627 6 
0.228199 44391 1629 9 
0.183677 44533 1630 10 
0.205607 46306 1661 8 
0.170493 48740 1692 5 
0.198551 48745 1693 4 
0.26742 55072 1777 12 
0.342334 55235 1782 12 
0.17711 57448 1802 7 
0.171359 60048 1838 6 
0.178666 60666 1849 9 
0.189298 61280 1857 6 
0.143321 62549 1878 8 
0.392159 65208 1918 13 
0.229368 65336 1920 8 
0.253242 65695 1927 10 
0.17588 66450 1942 12 
0.160673 67145 1950 9 
0.188068 69114 1974 10 
0.301924 72682 2030 12 
0.180844 73085 2037 9 
0.202189 73130 2038 7 
0.144863 73462 2044 6 
0.170605 74224 2053 5 
0.269818 75223 2065 11 
0.272316 76201 2077 9 
0.143803 78412 2113 9 
0.116586 78858 2120 3 
0.179828 79436 2132 1 
0.210102 80017 2139 5 
0.133806 80533 2153 8 
0.210873 80687 2156 12 
0.118983 81166 2165 4 
0.155017 81533 2171 8 
0.140619 83238 2196 8 
0.156879 84688 2221 4 
0.314993 84907 2225 12 
0.219152 85265 2228 8 
0.167196 87092 2257 9 
0.316282 87590 2266 13 
0.205396 87732 2267 7 
0.112239 89556 2295 4 
0.16677 90273 2304 5 
0.181676 90321 2306 9 
0.277924 91386 2322 11 
0.202855 94421 2362 4 
0.25671 95986 2390 10 
0.15921 97669 2410 10 
0.193944 903 1013 7 
0.252701 1770 1032 11 
0.214791 2483 1043 15 
0.291631 3539 1054 12 
0.181525 3824 1057 3 
0.193232 4543 1067 5 
0.273843 6391 1095 8 
0.107194 6667 1100 3 
0.206147 8757 1128 7 
0.139437 10296 1148 8 
0.153043 10484 1150 5 
0.173264 10698 1155 5 
0.142371 11554 1177 8 
0.1618 14375 1214 7 
0.167529 15064 1227 3 
0.238422 15786 1233 8 
0.177832 17799 1263 5 
0.108544 20723 1297 4 
0.123516 21649 1309 4 
0.142304 21737 1310 3 
0.184282 22657 1326 7 
0.135932 25980 1359 6 
0.218974 27195 1381 8 
0.229018 34246 1472 8 
0.231038 34771 1484 9 
0.182177 35539 1495 9 
0.21457 35887 1501 9 
0.199755 36074 1504 7 
0.113088 37712 1526 5 
0.208724 38301 1534 8 
0.263888 39174 1554 10 
0.189352 40274 1569 7 
0.291299 40500 1574 12 
0.328421 41906 1596 12 
0.100525 43807 1624 3 
0.321892 43822 1625 12 
0.228374 45224 1637 9 
0.158436 46081 1643 6 
0.218604 46324 1647 9 
0.160705 46427 1648 5 
0.131605 47204 1658 6 
0.19155 48051 1670 10 
0.183548 48280 1672 6 
0.225926 48321 1673 7 
0.194568 52792 1725 6 
0.262492 53346 1736 10 
0.217683 54649 1759 5 
0.211132 54663 1760 7 
0.180412 56684 1791 6 
0.17473 57081 1797 10 
0.206291 57519 1807 7 
0.173178 57700 1811 5 
0.321292 57750 1813 10 
0.121299 58234 1819 6 
0.234449 58749 1826 10 
0.246864 59744 1842 10 
0.147929 60293 1850 2 
0.25484 61190 1868 10 
0.237808 65097 1925 8 
0.182928 66649 1952 11 
0.17686 67033 1957 5 
0.402263 67342 1963 9 
0.174916 67565 1967 9 
0.160742 67688 1971 6 
0.226263 68101 1976 8 
0.169105 68358 1980 3 
0.131732 69405 1999 6 
0.167484 70674 2017 8 
0.206044 71098 2021 6 
0.228149 71278 2024 7 
0.231641 71896 2031 7 
0.182897 72639 2048 7 
0.443257 73924 2062 9 
0.274425 73989 2063 7 
0.264331 75271 2091 11 
0.123996 76306 2108 6 
0.2754 77177 2123 10 
0.252337 77938 2134 7 
0.280684 78818 2145 11 
0.180028 80494 2174 5 
0.265986 81525 2191 12 
0.272897 82175 2197 11 
0.147715 82542 2201 2 
0.230793 82632 2203 5 
0.267593 84754 2236 11 
0.200573 85079 2241 6 
0.280101 85099 2242 12 
0.129483 86290 2258 5 
0.239188 87969 2278 10 
0.397749 88432 2279 14 
0.275547 91126 2331 11 
0.146539 92949 2354 8 
0.133267 93758 2369 7 
0.344316 94043 2372 16 
0.212906 96387 2407 11 
0.18107 97515 2422 6 
0.145823 99032 2443 8 
0.121812 244 1025 4 
0.184737 594 1055 5 
0.285757 802 1084 12 
0.139822 1126 1111 7 
0.336836 6360 1656 15 
0.141347 7156 1728 7 
0.217112 7291 1739 2 
0.20515 9713 1980 9 
0.255852 9890 1998 10 
0.166284 11378 2171 9 
0.227479 14631 2495 5 
0.283575 15636 2571 9 
0.172189 16503 2673 8 
0.112445 16610 2681 4 
0.198969 17417 2765 4 
0.210633 17560 2774 8 
0.176044 18887 2922 10 
0.130417 19076 2937 7 
0.112848 21666 3197 5 
0.319444 22164 3241 13 
0.218027 22379 3268 8 
0.261213 22489 3280 11 
0.26086 23587 3381 10 
0.146723 24826 3514 7 
0.224145 25664 3600 6 
3.82836 25707 3605 10 
0.16249 25991 3630 7 
0.366937 26709 3698 13 
0.244223 27192 3747 11 
0.238028 27773 3805 8 
0.373235 29558 3961 12 
0.159931 29711 3977 6 
0.143812 29892 3996 6 
0.277201 30513 4055 9 
0.210444 30725 4077 7 
0.2424 30831 4092 13 
0.192262 30859 4098 5 
0.256272 33082 4314 10 
0.272185 33199 4324 9 
0.304737 33540 4352 10 
0.20839 33566 4359 6 
0.158524 34717 4471 2 
0.187647 34778 4477 5 
0.148645 35194 4518 7 
0.315913 35951 4610 13 
0.212708 36292 4643 6 
0.217722 36918 4713 6 
0.219575 37452 4767 6 
0.311149 37923 4820 11 
0.241276 39551 4990 9 
0.339114 39946 5033 9 
0.136447 40021 5042 6 
0.102452 41477 5200 4 
0.191982 42372 5285 5 
0.313756 42808 5320 11 
0.151336 43718 5408 5 
0.124926 44563 5488 0 
0.312596 44651 5496 13 
0.232439 45969 5633 9 
0.208063 46178 5648 6 
0.137319 46220 5654 4 
0.193242 46569 5694 8 
0.197569 46674 5706 10 
0.156483 47053 5739 7 
0.19437 47645 5792 11 
0.168447 48109 5838 6 
0.121366 48116 5839 5 
0.164776 48799 5898 3 
0.173642 48879 5911 7 
0.159894 49614 5984 9 
0.278999 49848 6006 9 
0.136237 50574 6075 6 
0.260933 50677 6089 9 
0.150129 50685 6092 6 
0.258021 51993 6209 10 
0.138092 52154 6230 5 
0.174201 52189 6238 3 
0.143205 52738 6289 6 
0.289118 53043 6318 10 
0.158475 53959 6435 3 
0.206885 54003 6443 7 
0.204498 57690 6800 6 
0.142682 57916 6824 5 
0.141384 58505 6886 7 
0.130544 59551 7008 6 
0.174202 60054 7055 9 
0.157999 60616 7110 9 
0.202528 61520 7210 10 
0.240899 64370 7487 6 
0.224241 64480 7498 7 
0.17558 66239 7694 8 
0.265776 68134 7894 13 
0.230666 70417 8126 8 
0.176221 72378 8365 9 
0.171959 72652 8393 7 
0.337827 72654 8395 12 
0.245485 74140 8545 9 
0.151263 74186 8547 4 
0.411968 75555 8682 7 
0.272547 75783 8706 10 
1.53524 77188 8845 6 
0.121668 79917 9136 2 
0.265038 80390 9183 10 
0.214811 81826 9317 5 
0.145672 83528 9481 5 
0.234269 83588 9484 14 
0.398073 84232 9542 10 
0.225918 85054 9625 7 
0.264783 86537 9767 7 
0.193011 86569 9775 9 
0.176875 87348 9843 7 
0.222675 87967 9912 9 
0.21594 88763 9995 13 
0.273805 89647 10080 10 
0.242471 89928 10100 9 
0.126934 91408 10254 5 
0.218724 92106 10325 7 
0.169455 92136 10329 7 
0.148841 92613 10371 2 
0.1855 95160 10625 6 
0.297 97356 10844 11 
0.263356 98396 10933 10 
0.317812 99148 11015 9 
0.366549 1240 1007 17 
0.104711 1935 1009 5 
0.313398 2793 1011 5 
0.146766 3401 1014 3 
0.121644 3479 1015 0 
0.174183 5345 1028 7 
0.160624 5516 1031 4 
0.144219 8316 1040 9 
0.117617 10050 1052 4 
0.079326 10092 1053 1 
0.120411 10732 1056 0 
0.200992 11012 1058 7 
0.184992 11981 1063 6 
0.152443 12685 1067 3 
0.09876 12951 1070 4 
0.205883 15382 1080 7 
0.173331 16404 1086 11 
0.149157 16827 1088 10 
0.316196 17124 1092 11 
0.177852 19034 1110 12 
0.167816 19662 1113 7 
0.303227 22299 1127 5 
0.149165 22869 1133 10 
0.147388 24121 1146 10 
0.282598 26452 1165 16 
0.117282 26867 1168 0 
0.297104 27190 1170 12 
0.241344 29632 1181 3 
0.206526 30214 1186 13 
0.123597 30789 1192 6 
0.210164 32391 1199 14 
0.126075 33038 1203 7 
0.34806 34304 1209 16 
0.168328 35315 1210 3 
0.099446 36519 1223 3 
0.142962 38442 1236 1 
0.174388 38659 1238 10 
0.268513 41104 1252 11 
0.25867 41801 1254 9 
0.157377 42195 1261 3 
0.094811 43391 1266 0 
0.264854 44216 1272 16 
0.065612 44866 1277 0 
0.130659 46792 1290 7 
0.239702 46849 1291 13 
0.13203 47330 1293 0 
0.20606 47782 1297 14 
0.375989 49025 1307 9 
0.369007 49487 1310 18 
0.17506 50299 1318 5 
0.152656 51972 1328 4 
0.219627 52041 1329 9 
0.186781 52863 1338 6 
0.160417 53368 1341 11 
0.289422 54009 1348 13 
0.148175 54310 1349 6 
0.182811 55237 1354 10 
0.243487 55827 1356 10 
0.249897 57233 1361 10 
0.235725 58308 1367 8 
0.143021 59771 1376 6 
0.117128 61302 1383 3 
0.19227 62136 1386 10 
0.206521 62573 1389 9 
0.434599 63697 1394 18 
0.171604 63869 1397 4 
0.228134 63873 1398 10 
0.22976 64450 1404 9 
0.146016 65068 1406 3 
0.120471 65263 1407 4 
0.274843 67621 1421 9 
0.203127 68071 1422 5 
0.086975 68490 1427 2 
0.156612 68598 1428 8 
0.134327 69624 1434 6 
0.150522 72574 1446 3 
0.115819 72973 1448 0 
0.129706 4149 522 9 
0.113284 5130 528 6 
0.141227 6094 529 4 
0.296954 6179 530 11 
0.177878 7415 538 8 
0.37176 7457 539 17 
0.122401 10070 559 6 
0.119799 10310 562 6 
0.111946 12351 573 0 
0.187897 13223 580 4 
0.123904 13703 586 7 
0.093821 15693 592 4 
0.16258 16846 601 6 
0.253463 19654 618 11 
0.196112 21902 626 8 
0.087873 21977 627 0 
0.290173 22041 629 11 
0.181447 22296 631 13 
0.21506 22985 634 13 
0.233478 23290 635 8 
0.424618 24263 638 24 
0.089044 25087 644 2 
0.192604 25802 649 12 
0.067118 25879 651 0 
0.134957 25911 652 1 
0.168064 27206 660 8 
0.307678 28965 670 11 
0.119651 29883 674 5 
0.18272 30939 689 2 
0.352895 32622 703 15 
0.126315 35385 717 4 
0.220598 35936 722 15 
0.200998 37376 734 7 
0.122335 37739 737 5 
0.231156 39184 741 13 
0.207111 39596 744 12 
0.174315 40630 749 6 
0.103076 40712 750 2 
0.16884 40736 751 9 
0.301285 40751 752 12 
0.194112 41153 756 6 
0.134456 41179 757 2 
0.208445 42449 765 7 
0.18756 42507 766 9 
0.175363 44862 780 11 
0.170439 45498 783 9 
0.128713 45925 786 7 
0.140381 47067 794 8 
0.191559 47268 797 13 
0.142527 48433 802 7 
0.164861 49080 805 11 
0.169921 49873 807 9 
0.245363 51661 810 6 
0.150161 52158 812 1 
0.343791 52161 813 16 
0.177584 52828 821 5 
0.225289 53171 824 8 
0.249088 54349 831 9 
0.140233 54458 832 4 
0.190989 54923 834 8 
0.15356 56599 849 8 
0.150712 56912 850 4 
0.166221 56929 851 11 
0.235079 57273 854 9 
0.357295 58599 861 14 
0.322836 60447 871 13 
0.154595 60982 873 5 
0.109678 62421 879 5 
0.210612 63949 887 14 
0.177503 66120 899 11 
0.470821 70511 924 19 
0.107659 71066 927 4 
0.167478 71862 931 11 
0.099239 72209 933 4 
0.069048 72877 937 0 
0.320508 73813 946 14 
0.115543 74204 950 5 
0.176568 74632 953 7 
0.328763 75193 956 16 
0.35565 75961 960 16 
0.160096 78875 976 11 
0.108114 78961 978 5 
0.09724 79448 980 2 
0.162239 80871 988 3 
0.252624 82167 999 12 
0.167128 83925 1011 9 
0.177844 86220 1023 8 
0.201044 86283 1025 12 
0.149874 87399 1033 2 
0.167896 93473 1072 9 
0.143338 95555 1087 9 
0.112454 96010 1089 5 
0.310128 98096 1097 12 
0.392185 98125 1098 10 
0.101094 98390 1099 4 
0.271054 98888 1100 7 
