time files tags associatedfiles
0.104258 1070 1003 7 
0.194137 1199 1004 9 
0.205851 1436 1005 14 
0.529005 4245 1009 34 
0.595134 4247 1010 43 
0.43007 5018 1014 31 
0.691532 5599 1017 50 
0.749072 6842 1019 54 
0.845776 8632 1021 63 
0.80748 9835 1022 58 
1.16526 10267 1023 87 
1.38156 10694 1024 75 
1.81211 11491 1028 103 
1.63287 11562 1029 94 
1.5834 12119 1031 90 
1.30493 12875 1033 95 
1.82164 13518 1037 99 
1.80989 13977 1039 132 
1.91298 14115 1040 121 
1.60146 14816 1042 113 
1.70209 17960 1051 123 
2.16588 19392 1054 157 
3.73667 22370 1059 174 
2.44447 22454 1061 171 
0.098107 559 1004 5 
0.149931 793 1006 10 
0.250975 2607 1008 18 
0.416561 3812 1012 31 
0.432437 3939 1013 31 
0.354412 3969 1014 25 
0.763789 4117 1015 40 
0.444954 5143 1016 32 
1.0174 6119 1018 48 
0.633922 6281 1019 46 
1.03018 7995 1023 73 
1.69289 8879 1026 76 
1.29695 10651 1029 93 
1.36596 10909 1030 89 
0.006215 11196 1032 0 
1.1545 11763 1033 82 
1.21926 12118 1036 87 
1.65145 14808 1045 117 
2.02283 18540 1054 148 
1.97394 19122 1056 149 
2.19748 19453 1058 158 
2.98112 24540 1062 208 
2.7204 24772 1065 192 
2.92786 25101 1068 199 
2.31311 25684 1071 169 
2.94477 27135 1076 216 
3.05697 27284 1077 212 
3.11454 30100 1084 222 
0.032152 30104 1085 2 
0.191964 2147 1005 14 
0.185859 2349 1006 13 
0.503238 4097 1011 35 
0.622038 5337 1013 44 
0.90122 5482 1014 43 
0.415071 5584 1016 30 
0.728426 5854 1017 46 
0.951245 6780 1018 53 
1.12733 7670 1019 62 
0.659553 8831 1024 47 
1.52485 9856 1028 57 
1.17528 10070 1029 80 
0.952472 10182 1030 65 
1.36529 10359 1032 94 
1.12871 10962 1036 80 
1.36365 12460 1041 100 
0.778681 14852 1043 56 
1.85512 17024 1046 131 
1.86803 18068 1050 136 
2.87383 19330 1052 172 
2.78792 19614 1053 156 
2.78577 20697 1056 158 
3.34705 22918 1062 185 
2.31155 23707 1065 168 
2.81648 23900 1066 196 
3.00792 24749 1068 204 
2.61885 25091 1071 186 
2.81107 26528 1072 202 
2.72469 27293 1075 196 
3.13986 27451 1076 223 
3.22803 28054 1079 223 
3.57253 30658 1088 256 
1.11712 33110 1091 80 
3.51879 33868 1094 256 
4.90788 35310 1099 260 
4.04571 35356 1100 293 
3.86508 35797 1101 272 
1.22623 37392 1108 85 
2.86302 37741 1110 205 
4.24169 37777 1111 301 
3.68155 37924 1112 264 
4.28361 38573 1117 303 
4.68181 38827 1119 334 
3.87201 38912 1120 275 
4.53126 39013 1121 307 
4.44483 40030 1122 312 
4.30616 40883 1126 295 
4.31079 42003 1128 311 
4.68526 43652 1132 330 
4.61991 43745 1133 317 
4.93675 44087 1135 334 
4.54865 44651 1138 317 
4.84661 45261 1140 333 
4.70776 46723 1144 333 
5.14889 49679 1156 365 
4.90914 50309 1159 341 
1.83559 51570 1162 87 
2.22938 51864 1163 102 
5.4375 53284 1164 397 
5.0347 53289 1165 359 
5.60759 54354 1167 407 
5.44931 54576 1168 401 
5.6159 54595 1169 404 
5.87821 55319 1170 421 
5.89116 57636 1174 429 
5.88648 60240 1182 429 
6.23366 60326 1183 453 
5.99267 61509 1186 439 
6.26672 62423 1190 464 
6.65666 62695 1191 447 
6.51067 63630 1195 466 
10.7165 63770 1196 479 
10.8769 64007 1197 484 
9.73521 64024 1198 452 
11.5129 66520 1207 524 
6.88196 68396 1210 494 
7.56942 68969 1212 538 
7.31052 69282 1214 513 
10.5018 71609 1218 483 
7.39308 71844 1219 526 
7.50341 72499 1222 529 
7.21172 72540 1223 499 
7.52987 72795 1224 530 
7.84773 74474 1227 547 
7.55752 75665 1231 543 
8.02964 76969 1237 577 
7.48499 78782 1243 548 
7.9936 79730 1247 569 
7.91844 80470 1251 573 
4.6647 80922 1253 326 
3.40948 84878 1266 251 
8.23684 85910 1272 589 
8.78114 86015 1273 613 
8.15806 86541 1274 566 
5.18332 87412 1275 362 
17.6234 87937 1281 618 
14.596 88009 1282 623 
8.25575 88330 1284 612 
8.98515 88487 1286 630 
8.71755 88668 1287 621 
1.06232 89979 1290 76 
7.89876 90379 1293 555 
11.4337 91033 1294 626 
12.1555 91165 1295 663 
12.1119 93241 1300 665 
9.03032 94319 1304 653 
9.23047 95023 1305 647 
9.70468 95243 1308 672 
9.34933 96697 1312 692 
9.58509 96849 1313 691 
9.33632 98002 1315 649 
9.33534 98852 1320 658 
0.245368 1317 1004 10 
0.371712 1431 1005 14 
0.477515 1967 1007 21 
0.392523 2231 1008 14 
0.478405 2353 1009 19 
0.337315 2519 1010 23 
0.65509 3257 1013 27 
0.666439 3288 1014 29 
0.660342 5340 1020 43 
0.930316 6301 1023 41 
1.52358 7383 1025 55 
0.003555 13 1002 0 
0.23455 1446 1003 9 
0.53631 1798 1004 24 
0.309618 4272 1012 20 
1.174 5366 1018 43 
1.09486 5802 1020 44 
1.13311 7231 1025 44 
1.35309 7774 1026 49 
1.97328 10095 1029 87 
2.02525 10705 1031 86 
1.68637 11270 1033 93 
2.00052 12207 1034 80 
2.84886 15489 1045 118 
2.79731 16129 1047 111 
3.80661 17556 1051 160 
3.20912 18392 1053 154 
2.98215 18901 1056 156 
4.26193 19222 1057 165 
2.29093 19350 1058 149 
4.38692 19764 1061 174 
2.63977 23138 1070 178 
4.39405 23560 1074 194 
0.541954 23790 1075 21 
1.13676 25011 1078 82 
4.83167 27496 1085 217 
4.7544 28593 1088 246 
5.03061 29630 1090 219 
6.14203 29870 1091 230 
3.84942 30204 1092 220 
4.80246 32026 1100 223 
3.8155 33116 1106 257 
7.18084 33269 1108 260 
4.15831 34684 1110 232 
5.20025 36232 1113 300 
7.65733 39100 1122 315 
7.21108 40082 1123 303 
0.300421 40138 1124 13 
7.99359 42490 1126 333 
5.61372 44674 1130 312 
6.73013 45593 1133 331 
4.30431 45743 1134 173 
7.85084 49256 1143 355 
9.76641 50323 1148 380 
8.3181 50507 1149 393 
6.94928 51015 1151 396 
8.58586 51283 1154 388 
9.37664 51627 1156 412 
8.75095 53714 1163 396 
7.66141 55251 1167 415 
7.76535 56318 1168 398 
10.9688 56890 1169 438 
9.8506 58534 1174 402 
9.71473 59776 1176 426 
10.4581 61937 1177 423 
11.2833 63382 1181 448 
10.0331 64616 1183 424 
11.867 66084 1188 469 
12.3427 67031 1189 529 
7.39891 67105 1190 520 
12.2184 67501 1192 486 
12.4133 67979 1194 505 
13.5802 68836 1196 485 
8.00101 69813 1199 540 
11.6424 71403 1205 545 
13.8874 71495 1206 563 
12.5917 73384 1210 545 
13.1057 73693 1212 519 
12.5336 76267 1219 562 
7.2721 77004 1221 295 
9.63037 77172 1223 583 
12.8745 77260 1224 566 
1.37354 78481 1225 61 
15.6076 81034 1229 570 
5.29402 81138 1230 247 
14.0758 81858 1234 597 
9.71585 82096 1235 495 
2.10918 83151 1237 83 
17.5765 83506 1238 630 
14.3237 84235 1241 578 
14.6456 84564 1243 616 
14.6183 84849 1244 606 
14.7339 84971 1245 655 
14.7896 85060 1246 625 
13.8926 85646 1247 624 
6.75941 87499 1252 293 
12.8005 88323 1254 596 
16.0958 88388 1255 648 
15.5222 89382 1257 592 
16.1782 90176 1262 630 
14.9548 90948 1265 643 
14.8805 91236 1266 624 
16.1902 92815 1270 618 
0.586459 92919 1271 20 
14.6532 93349 1272 647 
12.3961 93646 1274 658 
16.778 93915 1275 672 
15.7773 94537 1280 670 
19.9568 96529 1283 701 
6.18746 96949 1284 246 
16.2238 98255 1288 703 
1.15448 98486 1289 51 
19.4574 98989 1290 727 
14.1606 99283 1292 662 
0.065278 291 1002 3 
0.108736 653 1004 6 
0.423843 2285 1010 18 
0.365389 2545 1011 17 
0.570803 3715 1013 24 
0.653874 4323 1016 33 
0.667445 4629 1017 41 
1.26775 6514 1021 49 
1.20919 7645 1025 47 
0.968226 8085 1027 60 
0.899787 8120 1028 58 
2.28461 9763 1030 73 
1.87892 10424 1032 86 
1.77474 10830 1034 73 
2.13781 11867 1037 87 
1.62477 12639 1040 108 
1.93942 12912 1042 121 
2.71648 13702 1043 118 
2.75271 16259 1051 127 
3.34637 17260 1053 138 
2.67495 17783 1054 143 
2.8382 18113 1055 133 
3.40383 18299 1057 130 
0.066935 18762 1058 2 
3.72062 18891 1059 162 
2.23409 19585 1061 147 
3.35365 21813 1068 169 
3.5592 22071 1069 185 
4.55886 23351 1075 174 
2.64241 24047 1077 193 
5.52021 26496 1083 218 
3.53299 26658 1085 199 
3.72921 27043 1086 214 
3.9131 27389 1088 227 
4.31712 31283 1096 255 
5.68292 31297 1097 236 
6.66088 31608 1099 237 
5.68694 32109 1101 212 
5.81655 33016 1105 249 
6.60604 34889 1109 247 
5.10994 35159 1110 260 
6.0605 35777 1113 271 
6.69186 36196 1116 280 
4.1547 37652 1118 147 
7.17828 38321 1120 306 
7.67111 40371 1126 298 
7.19334 41559 1128 307 
7.8102 42181 1130 326 
5.54946 43525 1134 337 
0.688012 45276 1138 43 
7.16872 45298 1139 342 
8.20049 46594 1140 373 
5.91045 46859 1141 338 
5.9702 47316 1143 366 
9.01909 48391 1147 376 
7.58587 48686 1150 354 
9.44116 51232 1153 369 
7.40155 52110 1158 365 
9.93971 52134 1159 414 
9.86234 53610 1163 412 
9.55674 54800 1168 399 
4.52988 55657 1169 179 
7.10877 56465 1173 427 
7.95281 57281 1176 445 
6.99442 58393 1181 405 
0.462881 59332 1183 17 
9.37828 60787 1187 401 
12.989 62159 1191 500 
4.70566 62718 1194 281 
11.9687 63666 1195 444 
8.11914 64048 1196 305 
7.38133 64749 1199 475 
14.4668 67613 1205 516 
12.6147 67855 1206 546 
12.4842 68279 1208 520 
9.46326 69938 1216 546 
13.6001 72357 1223 583 
8.17067 74081 1228 501 
4.67415 74451 1230 163 
8.63497 75274 1233 515 
10.4026 75465 1234 576 
9.33905 75664 1235 558 
10.8139 77362 1239 544 
13.6043 77773 1242 575 
4.42502 78091 1244 275 
9.31012 78268 1246 537 
12.7382 80636 1252 573 
13.8591 83826 1260 587 
2.77089 86041 1263 189 
15.8091 87034 1264 618 
13.8152 87272 1265 649 
11.9195 87503 1267 640 
1.36589 87856 1269 68 
10.4483 88735 1271 654 
3.62445 88921 1273 171 
16.7588 89905 1279 639 
16.4497 90211 1280 645 
7.82699 90817 1282 505 
12.4823 91572 1285 644 
14.5672 91589 1286 634 
16.0038 91641 1287 664 
7.0208 92051 1289 365 
18.1657 92217 1290 691 
16.3039 92431 1291 641 
9.24706 93272 1295 542 
16.401 93467 1296 674 
14.8849 95131 1299 718 
15.6563 95249 1300 658 
18.0568 97783 1306 672 
13.6824 98522 1308 691 
11.184 99116 1309 675 
15.0611 99470 1311 599 
0.722795 2364 1006 25 
0.684 2942 1007 31 
0.632259 3812 1011 31 
1.02755 4070 1013 42 
0.795506 4471 1015 33 
0.470005 4616 1016 30 
0.535001 6140 1021 38 
1.08495 6599 1022 43 
1.71494 9217 1031 72 
1.23716 9391 1032 79 
1.19864 10330 1035 74 
1.83753 12886 1040 99 
2.58887 13715 1042 97 
2.83051 18178 1056 141 
3.60122 18444 1057 149 
2.74807 18448 1058 117 
3.77984 20248 1062 149 
4.10124 20705 1066 178 
4.44178 21945 1069 177 
2.68555 23102 1071 167 
3.91541 23273 1072 174 
2.76438 23441 1073 183 
2.90863 25604 1076 181 
3.52988 26450 1079 213 
3.25477 27142 1081 211 
3.94788 27197 1082 195 
4.79453 28508 1086 197 
3.67558 29901 1089 231 
3.1811 29926 1090 208 
3.25432 30606 1094 206 
6.08563 30839 1095 251 
1.36169 30876 1096 58 
5.30755 32391 1098 264 
3.50879 33934 1102 149 
2.53914 36053 1109 109 
6.46495 36464 1110 279 
3.61896 37192 1112 247 
6.39311 37491 1114 279 
4.42927 37770 1115 289 
6.27585 38846 1120 269 
4.74312 41468 1125 308 
7.0401 44442 1130 319 
8.53233 45004 1134 353 
8.00566 45693 1136 346 
8.60084 46668 1138 338 
8.26279 49775 1145 360 
6.13095 49777 1146 253 
4.79709 50154 1148 321 
8.13349 50474 1151 373 
8.44711 51842 1155 361 
10.0327 58773 1170 412 
6.90212 59532 1173 434 
7.45406 60048 1177 415 
7.19397 61896 1181 338 
6.8481 62133 1182 459 
11.4826 62304 1183 462 
9.66803 63885 1187 465 
7.64878 65134 1191 492 
10.4766 66407 1194 444 
10.7765 67092 1196 475 
9.03731 69233 1200 530 
9.04932 70794 1204 523 
11.1257 71120 1205 464 
4.68113 71296 1206 282 
10.367 71939 1208 548 
11.9117 72399 1209 495 
8.35213 73849 1211 533 
8.39176 74598 1212 554 
8.43562 78438 1222 553 
13.1782 79515 1227 561 
13.7253 79675 1230 528 
10.5366 81822 1235 552 
13.0913 82726 1236 574 
9.41163 82899 1239 572 
10.3923 84440 1243 628 
15.5411 85621 1248 594 
14.9939 86175 1250 598 
11.3726 89169 1255 432 
10.7247 90059 1259 416 
15.9464 90984 1262 626 
18.1923 91339 1263 660 
14.0726 91413 1264 658 
13.6786 93635 1274 655 
14.8904 93899 1275 626 
13.3635 95240 1279 659 
12.4708 96690 1286 697 
19.6255 99441 1300 754 
0.033485 199 1003 1 
0.399983 1230 1006 16 
0.930964 5387 1017 38 
1.116 5783 1018 49 
1.62715 7119 1020 55 
0.951589 8066 1023 66 
1.34913 10482 1028 84 
1.7851 12562 1039 105 
2.02595 13413 1042 102 
1.72797 14676 1047 112 
2.25821 16600 1056 129 
3.58282 19011 1065 149 
3.59007 19048 1066 152 
2.57535 21912 1075 169 
3.37186 21923 1076 166 
3.9951 23200 1078 165 
4.45499 23379 1079 166 
3.89763 25608 1086 196 
4.97933 26038 1087 202 
5.84246 27916 1093 230 
3.13915 28102 1095 181 
3.74083 29199 1098 235 
3.77878 29485 1099 229 
1.91952 31869 1106 84 
5.88668 31870 1107 236 
5.9413 33054 1109 260 
5.3689 33777 1111 266 
4.94874 34745 1114 253 
5.00458 34840 1115 276 
4.803 34844 1116 257 
4.35677 36867 1120 267 
3.29775 38339 1124 148 
7.67194 40474 1134 314 
4.56438 40726 1135 309 
7.35891 40813 1136 322 
4.42532 42250 1139 270 
6.26874 42317 1140 305 
8.36267 42634 1141 322 
7.31836 45664 1149 310 
7.88056 45897 1151 304 
8.94021 48545 1155 373 
6.31737 49282 1156 383 
0.021488 49904 1158 1 
8.80033 50184 1160 366 
7.20591 50828 1162 314 
9.66954 51593 1165 370 
8.88512 52090 1170 362 
9.40815 52433 1172 402 
9.82451 54280 1175 410 
7.0946 55055 1178 435 
5.82098 56105 1182 369 
11.3103 58736 1187 468 
10.9668 58831 1188 416 
10.5713 60162 1194 440 
9.49331 60775 1196 409 
10.1286 61193 1198 417 
7.03147 61344 1199 414 
7.51163 61457 1201 470 
12.5846 62282 1204 435 
10.5814 62899 1205 480 
12.6138 63841 1209 475 
3.49003 65981 1215 143 
8.40224 67497 1221 495 
11.6411 67690 1224 508 
1.21434 69274 1232 40 
11.5356 70625 1233 472 
8.59513 71680 1236 516 
16.2521 72821 1238 527 
13.1016 75190 1242 544 
11.5708 75686 1243 547 
12.7623 76457 1244 537 
12.6151 78388 1248 591 
14.4968 78793 1250 558 
11.1481 79274 1252 594 
0.038535 79600 1253 2 
11.3668 83569 1262 614 
16.429 84520 1267 642 
10.184 85304 1271 600 
11.5672 85497 1272 595 
15.201 87061 1280 608 
0.101583 87579 1285 5 
12.9545 89617 1288 645 
17.4969 90197 1290 648 
7.96983 91614 1293 476 
16.7066 91628 1294 610 
15.1458 91812 1295 566 
12.4415 91916 1298 613 
17.5241 93283 1300 664 
16.8145 94087 1305 646 
17.512 94700 1308 724 
18.0864 95318 1310 671 
11.3571 96058 1311 668 
17.7319 97958 1316 660 
11.635 97969 1317 689 
6.52454 98530 1319 253 
15.6396 99222 1322 713 
12.2165 99299 1324 468 
18.5391 99439 1325 679 
0.031245 118 1002 1 
0.131228 844 1004 5 
0.110275 871 1005 4 
0.373704 2377 1011 16 
0.569051 3361 1013 35 
1.17763 4279 1014 44 
0.504239 4719 1016 30 
0.509053 5865 1018 35 
1.11337 7145 1023 50 
1.96417 8417 1028 79 
1.7992 9093 1031 73 
2.02597 10167 1032 82 
0.63187 10280 1033 25 
1.98736 10506 1034 90 
1.60747 10560 1035 107 
2.0696 11226 1037 86 
2.30138 12402 1039 96 
2.0344 14323 1043 118 
3.45246 16766 1054 139 
2.61509 17127 1055 134 
2.0613 17225 1056 142 
3.17944 17866 1060 141 
2.66229 19527 1063 143 
4.09921 21559 1067 159 
0.342687 21933 1072 19 
2.81413 22390 1073 180 
3.76641 23076 1075 158 
3.33095 23511 1078 188 
4.33078 23851 1081 171 
2.99439 26382 1085 191 
3.57098 27940 1090 215 
4.87298 28042 1091 185 
3.84224 30350 1101 245 
5.83622 30515 1102 229 
4.77055 31537 1104 212 
6.07642 33342 1108 239 
6.30551 36451 1116 280 
4.774 36547 1117 296 
4.81523 36578 1118 196 
6.78346 36711 1119 278 
5.00046 40574 1129 309 
4.72877 41408 1133 287 
5.9948 41999 1135 346 
7.50973 42008 1136 356 
6.81328 43012 1142 330 
8.22574 43081 1143 324 
8.65527 44399 1147 330 
9.00781 47011 1155 357 
5.99511 48391 1158 357 
5.74642 48435 1159 346 
5.98209 48661 1160 359 
6.6359 50436 1167 254 
9.76033 51960 1171 380 
8.34792 52473 1172 384 
6.04683 53124 1174 383 
6.28037 53440 1175 386 
1.00654 54007 1177 67 
0.483093 55507 1179 20 
5.80592 57362 1182 390 
9.66857 57406 1183 382 
10.8707 57606 1184 436 
11.1705 58108 1185 440 
6.90614 58308 1186 440 
8.90958 58361 1187 474 
10.8884 60517 1191 420 
10.0406 62508 1195 419 
9.2262 62745 1196 459 
10.9276 63121 1197 493 
3.95915 63457 1201 252 
7.67338 63518 1202 315 
10.5186 64172 1204 456 
5.2152 64218 1205 211 
5.37914 64493 1206 218 
8.031 64968 1207 511 
11.0971 64993 1208 471 
8.65895 65781 1209 504 
10.4314 66164 1212 499 
13.2112 68366 1219 535 
5.56558 70720 1225 247 
8.21166 71322 1227 499 
8.85731 72426 1229 541 
13.8747 73184 1232 530 
3.91568 73397 1233 169 
13.0942 75710 1237 575 
13.0603 76657 1241 520 
9.90073 78044 1245 403 
14.8536 80486 1249 583 
15.5282 80997 1250 614 
12.0728 81035 1251 570 
15.9521 81165 1253 567 
15.4276 81979 1256 622 
15.1966 82296 1257 581 
0.865325 83573 1260 30 
11.5286 84488 1265 465 
6.81363 86114 1267 308 
9.95468 87344 1269 597 
15.5036 91059 1274 652 
10.0642 91869 1275 648 
11.3824 92042 1276 682 
15.9208 92958 1279 653 
10.218 93085 1281 654 
16.9091 93145 1282 698 
13.8786 93163 1283 653 
18.2233 93224 1285 688 
10.3021 94738 1286 660 
13.7712 95530 1290 649 
15.2939 95708 1291 662 
14.7113 95937 1294 630 
12.3949 97175 1298 681 
18.532 97343 1299 708 
0.740633 3921 1014 32 
2.25035 4884 1017 35 
1.31066 5908 1019 52 
0.997467 8917 1024 65 
2.19121 10074 1025 95 
1.94205 11225 1028 81 
1.19971 11468 1029 87 
0.26204 11858 1030 10 
2.66098 14508 1036 117 
1.702 14920 1039 108 
2.28623 15034 1040 113 
3.34741 16378 1044 124 
2.35391 16885 1046 121 
3.28214 17070 1047 129 
3.81965 18341 1052 154 
4.73487 19396 1056 149 
3.60699 20443 1060 139 
2.5592 21123 1063 154 
2.71331 21491 1065 165 
0.088209 22452 1068 3 
2.45644 22559 1070 156 
3.2353 24112 1077 196 
3.01403 24944 1078 175 
5.56604 27877 1088 232 
3.8479 29812 1093 245 
5.10606 30838 1097 224 
5.8112 31113 1098 226 
5.63821 32446 1104 244 
5.42367 32448 1105 243 
5.59458 32887 1108 225 
6.31498 34587 1113 257 
4.48478 39133 1123 302 
7.82181 39507 1124 296 
5.08608 40477 1126 330 
7.38814 41387 1130 309 
5.7154 41769 1131 322 
7.61756 44745 1141 314 
8.67538 47895 1150 354 
2.14074 47969 1151 139 
5.23093 49343 1152 191 
6.14488 49970 1155 370 
8.77699 49987 1156 364 
5.20015 50417 1158 356 
5.19275 50646 1159 334 
8.44321 50961 1162 356 
5.81697 52067 1166 361 
10.177 52114 1167 387 
6.02058 52587 1169 377 
11.9441 53839 1174 439 
9.09797 54797 1178 390 
6.54924 56230 1182 381 
10.1886 56607 1183 445 
10.3846 56637 1184 420 
6.42154 57082 1186 271 
6.57361 57870 1190 417 
6.0047 58494 1192 418 
9.84382 60311 1195 423 
8.98054 63888 1203 462 
1.20341 64007 1205 85 
8.13981 66499 1211 500 
10.7455 66576 1212 439 
8.61288 68664 1217 517 
12.978 72383 1224 529 
13.2236 73884 1227 508 
8.32387 74248 1230 524 
8.80579 75224 1232 537 
7.71028 75315 1233 489 
16.0172 75889 1235 539 
11.8165 77218 1238 583 
8.56037 78225 1241 540 
9.46112 79512 1247 538 
2.50858 82438 1254 190 
21.0853 83063 1256 616 
11.5768 83847 1259 593 
24.3702 83872 1260 626 
6.99688 84486 1263 442 
16.6296 86393 1269 588 
17.3053 87284 1274 588 
22.3508 89432 1280 628 
23.0166 91509 1287 641 
36.9252 93127 1292 696 
25.039 94302 1297 618 
38.5088 95738 1301 686 
29.3959 95995 1303 636 
37.0981 97559 1306 703 
72.8806 98163 1307 683 
0.243223 1765 1021 16 
0.336357 2441 1032 14 
0.123302 2693 1039 6 
0.734704 2874 1043 34 
0.626056 3343 1051 23 
0.565173 3346 1052 22 
0.584869 3418 1054 27 
1.31124 6079 1094 49 
0.752734 6490 1101 44 
0.807597 7187 1112 51 
1.75146 9548 1152 78 
1.11094 9815 1156 71 
1.33716 10355 1167 71 
2.50866 11750 1181 97 
2.29906 11890 1185 92 
1.6957 13380 1211 87 
1.77701 13451 1212 109 
2.72256 13715 1217 104 
1.9661 15012 1234 88 
2.56219 15965 1243 103 
1.7792 16622 1257 116 
2.97225 18230 1287 135 
4.27622 18576 1295 133 
2.68605 19994 1317 131 
7.13778 21606 1342 138 
1.00002 21949 1348 60 
4.69952 22902 1360 137 
5.28232 23350 1365 156 
4.26397 23637 1371 163 
9.37201 25893 1403 194 
9.50053 25924 1406 169 
29.5666 25947 1407 169 
9.09666 26185 1414 182 
1.58631 26380 1415 72 
1.80714 27043 1423 127 
18.2898 28527 1443 191 
0.137808 736 1007 5 
0.181114 1636 1017 11 
0.162257 1507 1019 9 
0.114114 1524 1020 7 
0.129743 1798 1025 7 
0.309881 2249 1030 17 
0.579921 2500 1034 25 
0.697906 4128 1057 31 
0.371038 4166 1059 27 
1.3965 5121 1071 49 
0.911011 5927 1082 38 
1.12532 6194 1085 45 
1.40168 8776 1117 63 
1.06635 9611 1134 62 
1.61855 10099 1137 66 
2.3037 12197 1162 87 
2.30766 12415 1168 85 
0.399054 15259 1221 17 
2.30125 17530 1252 114 
3.47134 17939 1256 139 
3.49265 19341 1274 135 
2.35622 19840 1283 137 
2.73032 20139 1288 137 
4.00141 23035 1328 154 
8.00881 26418 1382 165 
7.55589 26559 1384 160 
9.92443 26703 1385 172 
13.0515 27042 1393 209 
7.61295 28142 1414 182 
10.0717 29114 1431 183 
1.02166 29762 1442 37 
9.87639 31137 1457 174 
16.1109 31163 1458 217 
113.268 33450 1487 220 
15.4928 33763 1489 201 
33.2166 34251 1497 224 
141.697 35249 1512 218 
15.3963 35416 1514 230 
7.3794 36165 1524 165 
139.484 37240 1535 227 
7.14503 38542 1549 155 
17.8482 40252 1575 224 
35.5599 41255 1586 239 
137.034 41320 1587 267 
2.86896 43542 1620 137 
30.8096 43553 1621 265 
20.8021 44193 1626 259 
2.86349 44337 1628 111 
29.0475 44391 1630 276 
21.6187 44533 1631 268 
26.6832 46306 1662 320 
26.6931 48740 1693 257 
61.9776 48745 1694 314 
34.6517 55072 1778 329 
37.0285 55235 1783 322 
44.1633 57448 1803 334 
2.22681 60048 1839 105 
44.0509 60666 1850 343 
5.25853 61280 1858 107 
41.179 62549 1879 336 
43.7005 65208 1919 294 
44.9243 65336 1921 384 
72.2242 65695 1928 413 
53.5627 66450 1943 410 
76.7739 67145 1951 358 
90.8275 69114 1975 394 
62.08 72682 2031 404 
40.6298 73085 2038 262 
73.9081 73130 2039 321 
80.9688 73462 2045 397 
169.387 74224 2054 397 
21.4431 75223 2066 181 
57.4505 76201 2078 316 
12.109 78412 2114 141 
57.8381 78858 2121 355 
56.3974 79436 2133 433 
78.9459 80017 2140 433 
37.3964 80533 2154 301 
54.401 80687 2157 432 
9.37226 81166 2166 123 
1.41509 81533 2172 69 
39.7366 83238 2197 332 
71.2629 84688 2222 230 
106.802 84907 2226 253 
76.9255 85265 2229 494 
32.0338 87092 2258 286 
170.778 87590 2267 413 
65.4597 87732 2268 451 
60.4644 89556 2296 476 
97.5506 90273 2305 505 
66.0939 90321 2307 482 
14.5746 91386 2323 140 
79.9029 94421 2363 456 
31.9491 95986 2391 261 
90.37 97669 2411 482 
0.278189 903 1014 10 
0.466599 1770 1033 18 
0.335696 2483 1044 15 
0.659035 3539 1055 25 
0.502106 3824 1058 17 
0.599812 4543 1068 25 
1.46302 6391 1096 54 
0.665023 6667 1101 40 
2.08188 8757 1129 82 
1.42477 10296 1149 60 
1.10533 10484 1151 68 
2.34323 10698 1156 91 
1.34513 11554 1178 83 
2.17841 14375 1215 105 
0.771199 15064 1228 29 
2.76628 15786 1234 115 
1.19914 17799 1264 38 
1.20423 20723 1298 71 
3.24573 21649 1310 155 
2.40735 21737 1311 103 
2.84171 22657 1327 165 
2.72982 25980 1360 175 
3.45388 27195 1382 129 
5.30497 34246 1473 223 
4.70723 34771 1485 175 
1.11831 35539 1496 68 
1.43092 35887 1502 58 
0.409207 36074 1505 16 
3.79858 37712 1527 233 
7.03219 38301 1535 261 
6.15845 39174 1555 233 
6.84078 40274 1570 213 
12.1065 40500 1575 235 
15.8978 41906 1597 249 
15.5242 43807 1625 289 
22.1025 43822 1626 277 
23.3104 45224 1638 304 
22.4484 46081 1644 297 
20.308 46324 1648 273 
20.6865 46427 1649 252 
1.00098 47204 1659 57 
2.04536 48051 1671 121 
22.7916 48321 1674 285 
30.2206 52792 1726 306 
27.3673 53346 1737 212 
16.9377 54649 1760 241 
44.2246 54663 1761 324 
0.764669 56684 1792 30 
39.3938 57081 1798 317 
98.2795 57519 1808 356 
32.6713 57700 1812 266 
40.9009 57750 1814 339 
39.4801 58234 1820 340 
64.2201 58749 1827 348 
163.981 59744 1843 350 
1.32247 60293 1851 53 
17.7435 61190 1869 219 
23.066 65097 1926 218 
28.7624 66649 1953 233 
52.91 67033 1958 385 
15.1003 67342 1964 127 
7.63662 67565 1968 137 
15.286 67688 1972 151 
185.234 68101 1977 357 
22.8689 68358 1981 208 
55.6812 70674 2018 375 
6.19288 71098 2022 112 
69.3452 71278 2025 378 
51.0017 71896 2032 389 
39.6652 72639 2049 326 
2.06448 73924 2063 75 
105.991 73989 2064 157 
59.1034 75271 2092 434 
53.5822 76306 2109 413 
51.2556 77177 2124 398 
55.1554 77938 2135 430 
73.7964 78818 2146 407 
28.5897 80494 2175 249 
55.4462 81525 2192 408 
27.92 82175 2198 236 
115.409 82542 2202 390 
55.1613 82632 2204 401 
61.9252 84754 2237 440 
182.02 85079 2242 396 
2.06242 85099 2243 83 
53.9044 86290 2259 339 
51.1002 87969 2279 383 
59.1113 88432 2280 417 
41.6784 91126 2332 313 
81.2086 92949 2355 485 
70.3528 93758 2370 499 
9.86592 94043 2373 106 
9.77773 96387 2408 133 
88.0183 97515 2423 533 
70.1086 99032 2444 484 
0.025222 244 1026 1 
0.171716 594 1056 6 
0.236099 802 1085 9 
0.233647 1126 1112 14 
0.805584 6360 1657 31 
0.696959 7156 1729 42 
0.496363 7291 1740 20 
0.861511 9713 1981 53 
1.36837 9890 1999 56 
0.695713 11378 2172 40 
0.553787 14631 2496 20 
0.40615 15636 2572 16 
0.916153 16503 2674 53 
0.712689 16610 2682 41 
2.30544 17417 2766 86 
1.33098 17560 2775 81 
0.462866 18887 2923 27 
1.17885 19076 2938 76 
0.503494 21666 3198 32 
0.169826 22164 3242 6 
1.23781 22379 3269 53 
2.34299 22489 3281 94 
0.081631 23587 3382 3 
0.808998 24826 3515 36 
0.691436 25664 3601 24 
7.38634 25707 3606 74 
2.42377 25991 3631 113 
5.79199 26709 3699 109 
0.049881 27192 3748 2 
0.519374 27773 3806 16 
0.828883 29558 3962 33 
7.92227 29711 3978 112 
0.365966 29892 3997 20 
7.70422 30513 4056 106 
0.193554 30725 4078 8 
0.450937 30831 4093 27 
9.40551 30859 4099 110 
1.31088 33082 4315 51 
11.4296 33199 4325 101 
14.4176 33540 4353 122 
6.23969 33566 4360 79 
0.411861 34717 4472 15 
11.9475 34778 4478 108 
0.545866 35194 4519 28 
0.078187 35951 4611 4 
0.618855 36292 4644 23 
7.98016 37452 4768 87 
13.5012 37923 4821 115 
3.78678 39551 4991 58 
4.21353 39946 5034 52 
4.12614 40021 5043 74 
0.144075 41477 5201 9 
17.8195 42372 5286 132 
3.3529 42808 5321 41 
7.28626 43718 5409 60 
6.87897 44563 5489 62 
11.5591 44651 5497 83 
21.5222 45969 5634 130 
0.283205 46178 5649 10 
11.816 46220 5655 40 
12.9691 46569 5695 91 
8.33502 46674 5707 58 
17.7163 47053 5740 82 
31.3365 47645 5793 141 
0.248464 48109 5839 10 
46.9579 48116 5840 17 
6.04605 48799 5899 45 
13.9573 48879 5912 100 
1.04966 49614 5985 21 
11.411 49848 6007 77 
24.6455 50574 6076 139 
14.6082 50677 6090 68 
48.0785 50685 6093 62 
10.0408 51993 6210 77 
1.61744 52154 6231 28 
30.0527 52189 6239 167 
28.2046 52738 6290 124 
9.23342 53043 6319 67 
70.6166 53959 6436 150 
10.2337 54003 6444 61 
16.0125 57690 6801 45 
7.37571 57916 6825 45 
23.1282 58505 6887 146 
38.1747 59551 7009 100 
9.37606 60054 7056 64 
11.0499 60616 7111 60 
4.62112 61520 7211 29 
40.2015 64370 7488 152 
6.36382 64480 7499 35 
30.6329 66239 7695 141 
49.1094 68134 7895 109 
26.8936 70417 8127 53 
0.904539 72378 8366 12 
7.69462 72652 8394 40 
33.0639 72654 8396 144 
10.782 74140 8546 54 
38.2657 74186 8548 67 
0.068593 75555 8683 2 
6.35028 75783 8707 11 
0.083678 77188 8846 3 
9.59211 79917 9137 24 
7.10494 80390 9184 44 
128.643 81826 9318 71 
28.5687 83528 9482 177 
14.5058 83588 9485 89 
1.33102 84232 9543 14 
36.6055 85054 9626 81 
37.3424 86537 9768 106 
8.03117 86569 9776 49 
34.3765 87348 9844 167 
11.9055 87967 9913 77 
4.23392 88763 9996 31 
12.384 89647 10081 75 
2.67146 89928 10101 16 
27.8107 91408 10255 113 
0.00841 92106 10326 0 
77.2376 92136 10330 167 
18.0272 92613 10372 107 
1.75153 95160 10626 17 
18.0213 97356 10845 61 
10.1976 98396 10934 54 
0.514985 99148 11016 10 
0.259328 1240 1008 10 
0.346068 1935 1010 24 
0.761187 2793 1012 26 
0.513729 3401 1015 25 
0.544594 3479 1016 21 
0.786625 5345 1029 37 
1.03463 5516 1032 44 
1.04999 8316 1041 66 
1.27324 10050 1053 83 
1.41608 10092 1054 83 
1.98209 10732 1057 81 
2.3655 11012 1059 89 
2.20773 11981 1064 93 
2.55012 12685 1068 107 
1.34235 12951 1071 88 
3.34013 15382 1081 127 
2.07081 16827 1089 126 
3.16284 17124 1093 132 
2.10435 19034 1111 130 
0.520039 19662 1114 25 
3.43453 22299 1128 161 
0.334378 22869 1134 21 
3.37744 24121 1147 210 
4.79575 26452 1166 196 
5.38232 26867 1169 201 
1.4469 27190 1171 57 
4.59345 29632 1182 198 
7.54916 30214 1187 247 
1.43925 30789 1193 91 
12.9136 32391 1200 244 
12.9242 33038 1204 254 
116.564 35315 1211 246 
17.916 36519 1224 267 
22.8352 38442 1237 289 
20.1924 38659 1239 277 
32.694 41104 1253 300 
32.4 41801 1255 313 
0.006717 42195 1262 0 
131.781 44216 1273 332 
49.1555 44866 1278 283 
50.6657 46792 1291 354 
49.8673 46849 1292 303 
45.9065 47330 1294 343 
68.9003 49025 1308 340 
48.6315 49487 1311 338 
123.136 50299 1319 345 
45.493 51972 1329 347 
132.41 52041 1330 253 
62.6703 52863 1339 386 
53.5911 53368 1342 250 
9.77602 54009 1349 115 
65.1354 54310 1350 354 
16.2729 55237 1355 174 
50.206 55827 1357 368 
5.40639 57233 1362 100 
53.2728 58308 1368 383 
152.133 59771 1377 453 
59.9278 62136 1387 419 
61.2318 62573 1390 440 
122.75 63869 1398 416 
89.7939 64450 1405 446 
88.3086 65068 1407 450 
170.671 65263 1408 485 
45.0668 67621 1422 309 
87.7248 68071 1423 474 
67.7412 68490 1428 473 
38.1136 68598 1429 95 
0.886446 69624 1435 46 
67.4078 72574 1447 448 
73.7973 72973 1449 477 
0.864128 4149 523 58 
1.29058 5130 529 89 
1.75777 6094 530 107 
2.94537 6179 531 107 
2.91353 7415 539 115 
2.59117 7457 540 107 
2.20867 10070 560 148 
2.16012 10310 563 146 
4.85895 12351 574 204 
5.04418 13223 581 179 
20.9139 13703 587 204 
15.7862 15693 593 221 
25.7104 16846 602 270 
41.7733 19654 619 286 
37.256 21902 627 294 
70.2188 21977 628 319 
0.006824 22041 630 0 
23.2487 22296 632 146 
61.5203 22985 635 313 
69.678 23290 636 337 
127.121 24263 639 313 
87.3818 25087 645 389 
99.1916 25879 652 338 
124.873 25911 653 348 
116.592 27206 661 419 
159.83 28965 671 430 
78.4273 29883 675 365 
101.224 30939 690 414 
49.3977 32622 704 301 
129.04 35385 718 482 
155.273 35936 723 491 
234.215 37739 738 515 
105.101 39184 742 462 
50.6508 39596 745 333 
139.467 40630 750 581 
106.535 40712 751 541 
166.833 40736 752 488 
93.5135 40751 753 557 
169.1 41153 757 588 
83.2231 41179 758 375 
18.1593 42449 766 147 
125.39 42507 767 559 
198.323 44862 781 599 
91.3578 45498 784 574 
173.463 45925 787 613 
120.094 47067 795 595 
224.8 47268 798 625 
159.421 48433 803 609 
157.214 49080 806 627 
178.416 49873 808 627 
127.097 52158 813 643 
192.667 52161 814 674 
146.173 52828 822 637 
171.05 53171 825 660 
117.683 54349 832 713 
2.62176 54458 833 62 
113.011 54923 835 371 
34.4101 56599 850 224 
156.932 56912 851 716 
132.216 56929 852 314 
157.642 57273 855 702 
42.2528 58599 862 237 
187.572 60447 872 797 
207.615 62421 880 776 
175.929 63949 888 791 
241.634 70511 925 820 
72.0468 71066 928 467 
284.758 71862 932 854 
174.524 72209 934 859 
213.643 72877 938 842 
230.696 73813 947 847 
0.459052 74204 951 29 
214.86 74632 954 840 
217.362 75193 957 620 
23.8587 75961 961 168 
100.745 78875 977 465 
32.8943 78961 979 201 
310.534 80871 989 877 
19.8228 82167 1000 176 
164.01 83925 1012 866 
254.531 86220 1024 917 
187.897 86283 1026 995 
286.976 87399 1034 990 
19.7649 93473 1073 127 
234.888 95555 1088 1046 
52.3275 96010 1090 100 
101.195 98096 1098 466 
5.17329 98125 1099 68 
252.29 98390 1100 1066 
1.96874 98888 1101 46 
