time files tags foundfiles numtags
0.009722 1070 1003 0 8
0.004006 1199 1004 12 1
0.00727 1436 1005 0 2
0.03139 4247 1010 0 4
0.026368 5018 1014 0 4
0.023136 5599 1017 0 7
0.041848 6842 1019 0 3
0.052971 8632 1021 1 2
0.0174 9835 1022 85 1
0.036299 10267 1023 0 5
0.033687 10694 1024 0 9
0.053078 11491 1028 0 4
0.039321 11562 1029 0 8
0.018335 12119 1031 95 1
0.054859 12875 1033 0 5
0.052726 13518 1037 0 7
0.04734 13977 1039 0 9
0.021193 14115 1040 121 1
0.088087 14816 1042 1 2
0.06858 17960 1051 0 5
0.01075 19392 1054 0 5
0.166512 22370 1059 0 4
0.082893 22454 1061 0 4
0.007664 559 1004 0 6
0.006087 793 1006 0 3
0.0276 3812 1012 0 7
0.018511 3939 1013 0 6
0.017767 4117 1015 0 6
0.032421 5143 1016 0 7
0.011041 6119 1018 54 1
0.044461 7995 1023 0 3
0.039717 8879 1026 0 6
0.039163 10651 1029 0 8
0.032435 10909 1030 1 2
0.070362 11196 1032 0 4
0.047906 11763 1033 2 2
0.04914 12118 1036 0 3
0.018087 14808 1045 95 1
0.084266 18540 1054 0 3
0.058728 19122 1056 1 2
0.02449 19453 1058 141 1
0.033976 24772 1065 176 1
0.106108 25101 1068 0 9
0.099054 25684 1071 0 4
0.127359 27284 1077 2 2
0.087801 30100 1084 0 7
0.122422 30104 1085 0 5
0.012572 2349 1006 0 3
0.020359 4097 1011 1 2
0.008707 5337 1013 34 1
0.009436 5482 1014 42 1
0.018842 5584 1016 0 2
0.028305 7670 1019 0 9
0.052731 8831 1024 0 3
0.021219 9856 1028 79 1
0.056605 10070 1029 0 8
0.043669 10182 1030 0 5
0.063622 10359 1032 0 2
0.01381 10962 1036 70 1
0.018828 12460 1041 98 1
0.093875 14852 1043 0 3
0.030325 17024 1046 149 1
0.097934 18068 1050 0 4
0.071604 19330 1052 0 8
0.081356 19614 1053 0 8
0.084834 20697 1056 0 4
0.113959 22918 1062 0 3
0.141393 23707 1065 1 2
0.172063 23900 1066 1 2
0.102284 24749 1068 2 2
0.165046 25091 1071 0 3
0.038154 26528 1072 213 1
0.109239 27293 1075 0 4
0.148298 27451 1076 0 6
0.116004 28054 1079 0 7
0.127647 30658 1088 0 5
0.019997 33110 1091 0 7
0.280918 35310 1099 0 3
0.076977 35356 1100 0 9
0.119152 35797 1101 0 6
0.155866 37392 1108 1 2
0.139787 37741 1110 0 7
0.147447 37777 1111 0 6
0.213081 37924 1112 3 2
0.091713 38573 1117 0 3
0.082207 38827 1119 0 3
0.057734 38912 1120 0 4
0.167771 39013 1121 0 6
0.192619 40030 1122 0 3
0.027788 40883 1126 0 5
0.171767 42003 1128 0 4
0.183401 43652 1132 0 6
0.337408 44651 1138 0 3
0.281756 45261 1140 0 5
0.070685 46723 1144 359 1
0.251442 49679 1156 0 9
0.028387 50309 1159 0 8
0.005758 51570 1162 17 1
0.112171 51864 1163 0 9
0.241916 53284 1164 0 4
0.362272 54354 1167 3 2
0.020592 54576 1168 0 6
0.080485 54595 1169 414 1
0.027107 55319 1170 0 7
0.238761 57636 1174 0 5
0.077366 60240 1182 411 1
0.281861 61509 1186 2 2
0.1697 62423 1190 1 2
0.279071 62695 1191 0 3
0.013832 63630 1195 0 4
0.065368 63770 1196 0 6
0.053067 64007 1197 0 6
0.247106 66520 1207 0 3
0.046649 68396 1210 0 4
0.460105 68969 1212 5 2
0.17672 71609 1218 0 8
0.087416 71844 1219 0 7
0.228635 72499 1222 0 5
0.17891 72540 1223 2 2
0.504676 72795 1224 7 2
0.294918 74474 1227 0 4
0.099851 75665 1231 523 1
0.057553 76969 1237 0 5
0.377581 78782 1243 5 2
0.282532 79730 1247 0 5
0.092181 80470 1251 481 1
0.107206 80922 1253 0 3
0.221728 84878 1266 0 10
0.096834 85910 1272 0 7
0.017478 86015 1273 0 5
0.150786 86541 1274 0 5
0.090473 87412 1275 0 8
0.722788 87937 1281 0 3
0.344719 88009 1282 0 6
0.232129 88330 1284 0 8
0.095843 88487 1286 0 6
0.301385 88668 1287 0 3
0.045902 89979 1290 0 9
0.366802 90379 1293 0 3
0.356527 91033 1294 5 2
0.362936 93241 1300 0 4
0.107837 94319 1304 0 5
0.05057 95023 1305 0 5
0.210402 95243 1308 0 7
0.616926 96697 1312 0 5
0.575127 96849 1313 0 3
0.089857 98002 1315 0 10
0.122543 98852 1320 1 2
0.013745 1431 1005 0 5
0.013014 1967 1007 0 3
0.015359 2231 1008 0 3
0.018408 2353 1009 0 3
0.01895 2519 1010 0 5
0.03647 3257 1013 0 8
0.022255 3288 1014 0 3
0.045531 5340 1020 0 2
0.074423 6301 1023 1 2
0.032873 7383 1025 0 10
0.003956 13 1002 0 3
0.012005 1446 1003 0 6
0.014357 1798 1004 0 2
0.020066 4272 1012 0 3
0.029886 5366 1018 0 11
0.029946 5638 1019 0 7
0.029372 5802 1020 0 6
0.044618 7231 1025 0 5
0.055629 7774 1026 0 5
0.047031 10095 1029 0 7
0.094893 10705 1031 0 5
0.041491 11270 1033 0 11
0.023139 12207 1034 0 6
0.032652 15489 1045 0 4
0.109458 16129 1047 0 3
0.093625 17556 1051 0 3
0.0107 18901 1056 0 4
0.144358 19222 1057 0 4
0.053444 23138 1070 0 7
0.009091 23560 1074 20 1
0.134014 23790 1075 0 3
0.03994 25011 1078 202 1
0.049361 27496 1085 222 1
0.162619 28593 1088 1 2
0.179174 29630 1090 0 3
0.291027 29870 1091 0 3
0.063733 30204 1092 238 1
0.063143 32026 1100 0 3
0.381259 33116 1106 0 2
0.052858 33269 1108 0 5
0.140858 34684 1110 0 6
0.120678 36232 1113 0 4
0.247815 40082 1123 0 4
0.413567 42490 1126 0 6
0.3016 44674 1130 4 2
0.366671 45593 1133 0 7
0.050231 45743 1134 0 8
0.306961 49256 1143 1 2
0.478153 50507 1149 3 2
0.094492 51015 1151 388 1
0.296976 53714 1163 0 6
0.529319 55251 1167 0 4
0.107547 56890 1169 396 1
0.273977 58534 1174 1 2
0.025174 61937 1177 0 10
0.084603 63382 1181 0 2
0.1205 64616 1183 457 1
0.119856 67031 1189 462 1
0.12577 67105 1190 507 1
0.014413 67501 1192 0 10
0.038822 67979 1194 0 8
0.040439 68836 1196 0 11
0.317654 69813 1199 0 5
0.158858 71495 1206 482 1
0.508194 73384 1210 0 4
0.278332 73693 1212 0 5
0.054021 76267 1219 0 2
0.169395 77004 1221 566 1
0.213308 77172 1223 1 2
0.705767 77260 1224 0 3
0.087228 81138 1230 277 1
0.290893 83151 1237 0 5
0.504006 83506 1238 0 3
0.477426 84235 1241 0 6
0.040635 84564 1243 0 7
0.451016 84971 1245 0 3
0.087559 85060 1246 0 6
0.229766 85646 1247 0 5
0.170039 87499 1252 593 1
0.1671 88323 1254 594 1
0.024336 88388 1255 0 11
0.218101 89382 1257 0 8
0.467389 90176 1262 0 8
0.014483 90948 1265 0 3
0.020708 91236 1266 0 5
0.483625 92815 1270 0 3
0.13644 92919 1271 634 1
0.174836 93349 1272 658 1
0.643652 93646 1274 0 8
0.16519 93915 1275 0 5
0.520376 96949 1284 0 3
0.217387 98255 1288 684 1
0.206639 98486 1289 0 3
0.095273 98989 1290 0 8
0.898236 99283 1292 7 2
0.007002 291 1002 0 9
0.006249 653 1004 0 2
0.018848 2545 1011 0 11
0.01205 3715 1013 26 1
0.033291 4323 1016 0 2
0.05001 4629 1017 0 3
0.037228 6514 1021 0 7
0.053746 7645 1025 0 3
0.065488 8120 1028 0 3
0.023284 9763 1030 74 1
0.017898 10424 1032 65 1
0.119405 11867 1037 0 3
0.063896 12639 1040 0 7
0.078723 12912 1042 0 3
0.022813 13702 1043 0 6
0.049164 17260 1053 129 1
0.144778 17783 1054 0 4
0.181522 18299 1057 0 2
0.162716 18762 1058 0 6
0.067096 18891 1059 0 7
0.100329 21813 1068 0 9
0.198011 22071 1069 0 4
0.148296 23351 1075 0 4
0.062908 26496 1083 193 1
0.187487 27043 1086 0 4
0.172571 27389 1088 0 4
0.051983 31283 1096 174 1
0.180196 31297 1097 3 2
0.185601 31608 1099 0 3
0.100417 32109 1101 276 1
0.202729 34889 1109 0 7
0.222625 35777 1113 0 2
0.229555 36196 1116 0 3
0.042945 37652 1118 138 1
0.07608 38321 1120 0 5
0.085021 40371 1126 322 1
0.434885 41559 1128 2 2
0.441544 42181 1130 2 2
0.058149 43525 1134 0 4
0.247827 45276 1138 0 5
0.159088 45298 1139 0 4
0.242513 46594 1140 0 4
0.244275 46859 1141 0 3
0.104595 48391 1147 376 1
0.234221 48686 1150 0 5
0.138718 51232 1153 0 8
0.17215 52110 1158 0 10
0.524428 52134 1159 0 3
0.326608 53610 1163 0 4
0.017422 54800 1168 0 10
0.255214 55657 1169 0 8
0.259101 56465 1173 3 2
0.428553 57281 1176 0 4
0.577252 58393 1181 3 2
0.574004 62718 1194 2 2
0.090611 64048 1196 0 4
0.334063 64749 1199 7 2
0.628727 67613 1205 0 3
0.4292 67855 1206 0 3
0.07759 68279 1208 0 6
0.358259 69938 1216 0 3
0.69534 72357 1223 0 3
0.349237 74081 1228 2 2
0.489439 74451 1230 0 3
0.395796 75465 1234 0 7
0.259749 75664 1235 0 5
0.137739 77362 1239 535 1
0.500986 77773 1242 0 5
0.081498 78091 1244 325 1
0.016063 78268 1246 0 5
0.685442 80636 1252 3 2
0.791639 83826 1260 0 5
0.027631 86041 1263 0 3
0.124814 87034 1264 0 5
0.487315 87272 1265 0 4
0.235859 87503 1267 1 2
0.302743 87856 1269 0 10
0.447048 88735 1271 1 2
0.180585 88921 1273 0 8
0.076036 89905 1279 0 3
0.589395 90211 1280 0 4
0.026171 91572 1285 0 11
0.897285 91641 1287 4 2
0.693202 92051 1289 5 2
0.161035 92431 1291 0 6
0.560086 93467 1296 0 5
0.527821 95131 1299 0 4
0.423482 95249 1300 0 3
0.925446 97783 1306 0 3
0.418682 98522 1308 0 3
0.206307 99116 1309 0 6
0.192838 99470 1311 668 1
0.010686 3812 1011 0 11
0.015104 4070 1013 34 1
0.034361 4471 1015 0 2
0.039365 4616 1016 0 5
0.029237 5050 1018 1 2
0.03065 6140 1021 0 4
0.013879 6599 1022 48 1
0.021992 9217 1031 75 1
0.009353 9391 1032 0 8
0.090174 12886 1040 0 7
0.120133 13715 1042 0 3
0.09784 18178 1056 0 10
0.041019 18444 1057 150 1
0.120667 20248 1062 0 6
0.134811 21945 1069 0 6
0.045344 23102 1071 179 1
0.062986 23273 1072 175 1
0.222207 23441 1073 0 4
0.056979 25604 1076 198 1
0.14512 27142 1081 0 5
0.229983 27197 1082 2 2
0.063778 28508 1086 216 1
0.06755 29901 1089 271 1
0.160109 29926 1090 0 4
0.172176 30606 1094 0 3
0.215007 30839 1095 0 3
0.083358 30876 1096 256 1
0.361173 32391 1098 0 4
0.290777 33934 1102 0 4
0.093651 36053 1109 292 1
0.086227 36464 1110 265 1
0.060133 37192 1112 266 1
0.094383 37491 1114 299 1
0.206339 41468 1125 3 2
0.452848 45004 1134 0 3
0.472932 45693 1136 2 2
0.288123 46668 1138 0 3
0.049394 49775 1145 135 1
0.456583 49777 1146 0 6
0.083952 50474 1151 374 1
0.107488 51842 1155 397 1
0.441767 58773 1170 2 2
0.129613 60048 1177 466 1
0.155147 61896 1181 0 4
0.325622 62133 1182 0 3
0.392753 62304 1183 0 3
0.108615 63885 1187 433 1
0.128054 66407 1194 485 1
0.081267 67092 1196 0 11
0.012571 70794 1204 0 8
0.439993 71120 1205 0 3
0.4946 71296 1206 0 8
0.280692 71939 1208 0 4
0.162832 72399 1209 542 1
0.373614 73849 1211 0 4
0.023822 74598 1212 0 6
0.126432 78438 1222 516 1
0.261915 79515 1227 0 3
0.369055 79675 1230 0 9
0.651234 81822 1235 6 2
0.225427 82789 1237 0 9
0.165239 82899 1239 608 1
0.024117 84440 1243 0 5
0.546576 85621 1248 0 4
0.0599 89169 1255 0 2
0.389273 90984 1262 0 5
0.061747 93635 1274 0 8
0.313105 93899 1275 0 8
0.553366 95240 1279 0 3
0.193428 96690 1286 663 1
0.668486 99441 1300 0 3
0.010825 199 1003 0 9
0.013434 1230 1006 0 4
0.089003 5387 1017 1 2
0.056794 5783 1018 0 4
0.016757 7119 1020 51 1
0.050077 8066 1023 0 6
0.024718 10482 1028 83 1
0.074391 13413 1042 0 6
0.029204 14676 1047 88 1
0.099557 16600 1056 0 3
0.125575 19011 1065 0 3
0.153579 21923 1076 0 2
0.053612 23200 1078 200 1
0.105822 23379 1079 0 3
0.161751 25608 1086 2 2
0.074289 26038 1087 231 1
0.228964 27916 1093 5 2
0.007102 28102 1095 0 4
0.223662 29199 1098 0 6
0.125276 31869 1106 0 8
0.03829 31870 1107 133 1
0.064774 33054 1109 235 1
0.168932 33777 1111 0 6
0.064585 34840 1115 0 8
0.09908 34844 1116 0 11
0.298433 36867 1120 0 3
0.210411 38339 1124 0 5
0.216018 40474 1134 0 5
0.021083 40726 1135 0 10
0.235089 42250 1139 0 5
0.241383 42317 1140 0 6
0.039896 42634 1141 0 7
0.060728 45664 1149 0 3
0.29243 45897 1151 0 4
0.103933 49282 1156 409 1
0.096472 50184 1160 376 1
0.098016 50828 1162 378 1
0.380861 51593 1165 0 3
0.080764 52090 1170 0 9
0.526064 52433 1172 2 2
0.09279 54280 1175 0 7
0.390141 58736 1187 0 5
0.352467 60162 1194 0 4
0.370573 60775 1196 4 2
0.320322 61344 1199 0 5
0.111607 61457 1201 440 1
0.263921 62282 1204 0 5
0.112775 63841 1209 354 1
0.523484 65981 1215 0 3
0.174753 67497 1221 0 8
0.349576 67690 1224 0 4
0.555675 69274 1232 0 4
0.050483 70625 1233 0 3
0.020018 71680 1236 0 10
0.174183 72821 1238 517 1
0.049028 75190 1242 0 2
0.042647 75686 1243 0 5
0.07369 78388 1248 225 1
0.514504 78793 1250 3 2
0.427462 79274 1252 0 3
0.012722 79600 1253 0 7
0.16077 83569 1262 613 1
0.543932 85497 1272 4 2
0.725232 87061 1280 7 2
0.890648 89617 1288 8 2
0.375829 90197 1290 0 2
0.151278 91614 1293 0 5
0.323797 91628 1294 0 8
0.924334 91812 1295 5 2
0.111745 91916 1298 0 8
0.554897 93283 1300 0 3
0.014501 94087 1305 34 1
0.653241 94700 1308 0 4
0.933872 95318 1310 8 2
0.155324 96058 1311 630 1
0.172143 97958 1316 649 1
0.548048 97969 1317 0 4
0.055114 98530 1319 0 4
0.885417 99299 1324 0 5
0.007834 118 1002 0 6
0.015042 844 1004 0 2
0.010015 871 1005 0 2
0.01964 2377 1011 0 13
0.006423 3361 1013 14 1
0.030315 4719 1016 0 5
0.048937 8417 1028 0 9
0.028153 9093 1031 77 1
0.027235 10167 1032 0 4
0.026617 10560 1035 88 1
0.059039 11226 1037 0 4
0.06759 12402 1039 0 12
0.101026 14323 1043 0 6
0.190748 16766 1054 2 2
0.017908 17225 1056 0 8
0.063507 17866 1060 0 6
0.164744 19527 1063 3 2
0.202065 21559 1067 0 2
0.023855 23076 1075 92 1
0.065997 23851 1081 190 1
0.239003 26382 1085 0 3
0.144837 27940 1090 0 4
0.298646 28042 1091 2 2
0.155439 30350 1101 0 3
0.198971 30515 1102 0 3
0.063408 31537 1104 0 8
0.360996 33342 1108 1 2
0.22393 36451 1116 0 3
0.074405 36547 1117 0 3
0.070496 36711 1119 0 3
0.371556 40574 1129 3 2
0.246144 41408 1133 0 3
0.10268 41999 1135 0 5
0.018777 43012 1142 0 14
0.265285 43081 1143 0 3
0.32803 44399 1147 3 2
0.104176 47011 1155 339 1
0.108043 48391 1158 351 1
0.389224 48435 1159 3 2
0.391171 48661 1160 0 3
0.134002 50436 1167 0 6
0.091515 51960 1171 0 6
0.272309 52473 1172 0 9
0.039111 53124 1174 0 10
0.127526 53440 1175 0 6
0.008484 54007 1177 0 8
0.153369 55507 1179 0 4
0.521324 57362 1182 4 2
1.19036 57406 1183 9 2
0.579318 57606 1184 0 3
0.276919 58108 1185 0 8
0.461876 58361 1187 0 3
0.143349 60517 1191 467 1
0.143658 62508 1195 0 7
0.346552 62745 1196 0 3
0.523033 63121 1197 0 3
0.098098 63457 1201 0 5
0.122834 63518 1202 444 1
0.029705 64172 1204 0 5
0.312148 64993 1208 0 8
0.63071 66164 1212 0 3
0.408137 68366 1219 6 2
0.182227 70720 1225 0 6
0.13064 71322 1227 528 1
0.127677 72426 1229 0 9
0.055369 73397 1233 0 8
0.136753 75710 1237 536 1
0.805243 76657 1241 0 3
0.531787 78044 1245 0 3
0.179137 80486 1249 554 1
0.172625 81035 1251 0 4
0.1056 81979 1256 0 4
0.182467 82296 1257 572 1
0.043922 84488 1265 115 1
0.491604 87344 1269 0 6
0.390176 91059 1274 0 4
0.171472 91869 1275 676 1
0.077471 92042 1276 0 2
0.197827 92958 1279 657 1
0.208951 93085 1281 652 1
0.164833 93145 1282 0 5
0.88357 93163 1283 4 2
0.850565 93224 1285 4 2
0.915541 94738 1286 5 2
0.179344 95708 1291 0 8
0.539088 95937 1294 3 2
0.025148 97175 1298 0 6
1.01539 97343 1299 6 2
0.025628 3921 1014 0 9
0.044905 5908 1019 0 6
0.020895 8917 1024 77 1
0.033285 10074 1025 88 1
0.116859 11225 1028 0 3
0.129845 14508 1036 0 3
0.123951 14920 1039 0 5
0.105464 15034 1040 0 8
0.114392 16378 1044 0 3
0.143154 16885 1046 0 3
0.110676 17070 1047 0 7
0.135497 19396 1056 0 8
0.044955 20443 1060 128 1
0.170909 21123 1063 0 4
0.203918 22559 1070 2 2
0.210201 24112 1077 0 2
0.247354 29812 1093 0 2
0.063583 30838 1097 0 6
0.078654 32446 1104 234 1
0.267483 32448 1105 0 3
0.210476 32887 1108 0 4
0.054387 34587 1113 0 7
0.013595 39133 1123 0 3
0.27342 39507 1124 0 5
0.029915 40477 1126 0 9
0.254574 41387 1130 0 4
0.113809 41769 1131 0 7
0.15335 44745 1141 0 3
0.299693 47895 1150 0 4
0.199577 47969 1151 0 9
0.14489 49343 1152 0 5
0.101569 49970 1155 392 1
0.117246 49987 1156 350 1
0.052478 50417 1158 0 4
0.113546 50646 1159 0 3
0.141328 50961 1162 395 1
0.27823 52067 1166 0 3
0.057434 52114 1167 194 1
0.288245 52587 1169 2 2
0.103152 54797 1178 421 1
0.29748 56230 1182 0 5
0.627308 56607 1183 0 2
0.068953 56637 1184 0 9
0.626461 57082 1186 3 2
0.491854 57870 1190 5 2
0.302391 58494 1192 0 5
0.632219 60311 1195 0 3
0.357638 64007 1205 6 2
0.118148 66499 1211 461 1
0.083371 66576 1212 0 8
0.374192 68664 1217 0 6
0.042485 72383 1224 0 5
0.143646 73884 1227 486 1
0.404348 74248 1230 0 6
0.145715 75224 1232 519 1
0.178754 75315 1233 0 4
0.332054 75889 1235 2 2
0.129138 77218 1238 554 1
0.14589 78225 1241 0 4
0.138601 79512 1247 506 1
0.094094 83063 1256 0 4
0.142212 83847 1259 596 1
0.275814 83872 1260 0 7
0.4392 84486 1263 2 2
0.187864 86393 1269 620 1
0.139943 87284 1274 0 4
0.201909 89432 1280 4 2
0.617291 91509 1287 3 2
0.841563 93127 1292 0 3
0.01934 94302 1297 0 4
0.011674 95738 1301 0 7
0.794867 95995 1303 6 2
0.297938 97329 1305 3 2
0.621524 98163 1307 5 2
0.012742 1765 1021 0 2
0.02986 2441 1032 0 4
0.018022 2693 1039 0 7
0.023495 2874 1043 0 3
0.010753 3343 1051 0 5
0.026081 3346 1052 0 2
0.017469 3418 1054 41 1
0.04989 6079 1094 0 3
0.047511 6490 1101 0 5
0.050165 7187 1112 0 7
0.058254 9548 1152 0 8
0.052427 9815 1156 0 4
0.033049 10355 1167 0 5
0.026071 11750 1181 0 7
0.097096 13380 1211 0 2
0.035866 13715 1217 101 1
0.091595 15012 1234 0 4
0.055375 15965 1243 0 4
0.019992 16622 1257 0 5
0.045577 18230 1287 0 3
0.176597 18576 1295 3 2
0.194016 18813 1301 0 2
0.046362 19994 1317 0 11
0.018036 21606 1342 0 8
0.007356 21949 1348 0 4
0.198522 22902 1360 2 2
0.076891 23350 1365 0 3
0.039599 23637 1371 0 3
0.063537 25893 1403 0 2
0.303467 25924 1406 0 3
0.042982 25947 1407 0 9
0.128802 26185 1414 1 2
0.023429 26380 1415 0 9
0.076105 27043 1423 0 8
0.07986 28527 1443 0 5
0.004815 1636 1017 12 1
0.008326 1507 1019 0 3
0.012742 1524 1020 0 7
0.010328 1798 1025 0 3
0.011346 2249 1030 0 4
0.023513 2500 1034 0 2
0.029638 4128 1057 0 6
0.026172 4166 1059 0 5
0.025876 5121 1071 0 5
0.030212 5927 1082 0 4
0.051282 8776 1117 0 5
0.05605 9611 1134 0 6
0.063839 10099 1137 0 7
0.073066 12197 1162 0 4
0.074942 12415 1168 0 7
0.055777 15259 1221 0 5
0.155727 17530 1252 0 2
0.018983 17939 1256 0 2
0.039139 19341 1274 0 6
0.007599 19840 1283 0 7
0.009818 20139 1288 0 6
0.107839 23035 1328 0 2
0.103283 26418 1382 0 4
0.008491 26559 1384 0 3
0.127897 27042 1393 0 3
0.031029 29114 1431 0 2
0.192015 29762 1442 2 2
0.021137 31137 1457 0 8
0.143271 31163 1458 1 2
0.081954 33450 1487 0 6
0.299104 33763 1489 1 2
0.014995 34251 1497 0 9
0.1159 35249 1512 0 6
0.05877 36165 1524 221 1
0.085117 37240 1535 0 5
0.387947 38542 1549 0 3
0.152241 41255 1586 0 4
0.21817 41320 1587 0 4
0.040847 43553 1621 0 9
0.122169 44193 1626 0 4
0.117135 44337 1628 0 7
0.022632 44391 1630 0 12
0.07905 44533 1631 0 5
0.042639 46306 1662 0 9
0.135406 48740 1693 0 5
0.070426 48745 1694 2 2
0.080816 55072 1778 0 2
0.030171 55235 1783 81 1
0.087429 57448 1803 348 1
0.080828 60048 1839 334 1
0.101058 61280 1858 0 5
0.115187 62549 1879 382 1
0.041444 65208 1919 0 4
0.041953 65336 1921 131 1
0.097458 65695 1928 1 2
0.190515 66450 1943 1 2
0.057932 67145 1951 216 1
0.066871 69114 1975 0 5
0.208578 72682 2031 0 5
0.099197 73085 2038 0 6
0.306918 73130 2039 0 5
0.110377 73462 2045 0 4
0.096903 75223 2066 330 1
0.004974 78412 2114 0 2
0.041481 78858 2121 0 7
0.028509 79436 2133 0 6
0.387625 80017 2140 0 2
0.069106 80533 2154 0 2
0.059974 80687 2157 0 8
0.118658 81166 2166 0 8
0.483818 81533 2172 2 2
0.123542 83238 2197 467 1
0.025811 84907 2226 0 5
0.027842 85265 2229 0 6
0.024604 87092 2258 0 13
0.128162 87590 2267 405 1
0.154881 87732 2268 0 6
0.104141 89556 2296 0 5
0.073042 90273 2305 0 6
0.131003 90321 2307 480 1
0.083165 94421 2363 1 2
0.020931 95986 2391 0 5
0.05999 97669 2411 0 2
0.018214 1770 1033 0 7
0.016477 2483 1044 0 3
0.010848 3539 1055 20 1
0.037615 3824 1058 0 3
0.043742 4543 1068 0 4
0.019244 6391 1096 58 1
0.041634 6667 1101 0 3
0.05187 8757 1129 0 6
0.026809 10296 1149 0 8
0.065381 10484 1151 0 3
0.075145 10698 1156 0 3
0.007148 11554 1178 0 5
0.038277 14375 1215 0 9
0.015304 15064 1228 0 6
0.06904 15786 1234 0 10
0.054624 17799 1264 1 2
0.04073 21649 1310 149 1
0.12276 21737 1311 0 2
0.009909 25980 1360 0 5
0.05686 27195 1382 168 1
0.062372 35539 1496 238 1
0.184549 35887 1502 0 4
0.0076 37712 1527 0 4
0.220114 38301 1535 0 4
0.218258 39174 1555 0 4
0.018307 40500 1575 0 7
0.097075 41906 1597 282 1
0.025603 43807 1625 0 3
0.210755 43822 1626 0 2
0.028173 45224 1638 0 6
0.126312 46081 1644 0 6
0.050888 46324 1648 0 4
0.256171 46427 1649 0 3
0.131019 47204 1659 0 4
0.00664 48051 1671 0 6
0.037958 48280 1673 0 3
0.074498 48321 1674 273 1
0.095995 52792 1726 0 2
0.174382 53346 1737 0 4
0.014249 54649 1760 0 10
0.434992 54663 1761 0 2
0.039965 56684 1792 118 1
0.027569 57081 1798 0 6
0.066359 57519 1808 0 6
0.348457 57700 1812 0 7
0.050278 57750 1814 0 7
0.126194 58234 1820 0 4
0.018847 58749 1827 0 9
0.027106 59744 1843 0 2
0.010782 60293 1851 0 3
0.038345 61190 1869 0 8
0.055625 65097 1926 0 4
0.379053 66649 1953 0 3
0.060594 67565 1968 0 5
0.399304 67688 1972 0 7
0.203052 68101 1977 0 6
0.097156 68358 1981 0 6
0.063126 69405 2000 0 5
0.018364 70674 2018 0 9
0.013057 71098 2022 0 2
0.082082 71278 2025 0 4
0.013194 71896 2032 25 1
0.02072 72639 2049 0 8
0.022651 73924 2063 0 6
0.05456 73989 2064 0 2
0.086142 75271 2092 0 5
0.138753 76306 2109 0 3
0.012275 77177 2124 0 6
0.050442 78818 2146 0 9
0.054046 80494 2175 0 5
0.088136 81525 2192 0 7
0.324191 82175 2198 0 3
0.029828 82542 2202 0 5
0.100992 84754 2237 0 7
0.022716 85079 2242 0 4
0.034376 85099 2243 89 1
0.053041 86290 2259 0 11
0.057518 88432 2280 162 1
0.711092 91126 2332 0 4
0.058115 92949 2355 0 6
0.127648 93758 2370 0 7
0.05893 94043 2373 0 6
0.029777 96387 2408 0 5
0.040049 97515 2423 0 8
0.036777 99032 2444 0 2
0.002447 244 1026 1 1
0.013133 1126 1112 0 3
0.02395 7156 1729 0 3
0.034531 7291 1740 0 2
0.017877 9713 1981 0 3
0.022362 9890 1999 61 1
0.011244 14631 2496 0 8
0.010559 16503 2674 0 6
0.018361 16610 2682 0 7
0.026114 17417 2766 0 3
0.020185 17560 2775 0 4
0.019279 18887 2923 63 1
0.009929 19076 2938 0 6
0.014041 21666 3198 0 10
0.038187 22164 3242 101 1
0.107757 22379 3269 1 2
0.033169 22489 3281 95 1
0.029391 23587 3382 0 12
0.030123 24826 3515 0 7
0.014953 25664 3601 0 4
0.012317 25707 3606 0 10
0.006244 25991 3631 0 4
0.02317 26709 3699 0 7
0.031862 27192 3748 112 1
0.026454 27773 3806 0 5
0.065638 29558 3962 1 2
0.01428 29711 3978 0 7
0.015973 29892 3997 51 1
0.04297 30513 4056 0 2
0.008954 30725 4078 0 6
0.020793 30831 4093 65 1
0.031003 30859 4099 0 3
0.036142 33082 4315 93 1
0.035293 33199 4325 0 6
0.091284 33540 4353 0 2
0.076129 33566 4360 0 2
0.013684 34717 4472 0 10
0.011262 34778 4478 18 1
0.018237 35194 4519 0 3
0.018604 35951 4611 0 5
0.012193 36292 4644 0 2
0.027675 36918 4714 0 4
0.025081 37452 4768 0 3
0.05112 39551 4991 0 3
0.003702 39946 5034 1 1
0.038883 40021 5043 0 4
0.006645 42372 5286 0 3
0.047982 42808 5321 0 3
0.096133 43718 5409 0 2
0.07259 44563 5489 0 3
0.050967 44651 5497 0 4
0.129683 45969 5634 0 2
0.038155 46178 5649 0 2
0.010283 46220 5655 0 3
0.025207 46569 5695 0 5
0.011216 47053 5740 0 4
0.006893 47645 5793 0 4
0.008643 48109 5839 0 3
0.008453 48116 5840 28 1
0.009347 48879 5912 0 4
0.030787 49614 5985 0 6
0.007963 49848 6007 11 1
0.020616 50574 6076 0 6
0.011531 50677 6090 0 5
0.014264 50685 6093 42 1
0.008454 51993 6210 0 3
0.014458 52154 6231 0 6
0.037106 52738 6290 131 1
0.070647 53043 6319 0 2
0.026282 53959 6436 0 2
0.010903 54003 6444 0 2
0.027215 57690 6801 0 6
0.011771 57916 6825 0 10
0.013277 58505 6887 0 6
0.019061 59551 7009 0 14
0.010834 64370 7488 0 6
0.017017 64480 7499 35 1
0.022993 68134 7895 0 3
0.02818 70417 8127 71 1
0.013234 72378 8366 0 10
0.023416 72652 8394 0 6
0.016702 72654 8396 0 7
0.021647 75555 8683 42 1
0.045765 77188 8846 0 9
0.006596 79917 9137 0 2
0.055854 80390 9184 194 1
0.027534 81826 9318 0 8
0.02553 83528 9482 81 1
0.062432 83588 9485 0 2
0.119916 84232 9543 0 2
0.016534 85054 9626 0 6
0.019055 86537 9768 0 3
0.027204 86569 9776 92 1
0.014045 87967 9913 0 4
0.015258 88763 9996 0 10
0.028218 89647 10081 67 1
0.005729 89928 10101 0 2
0.016561 91408 10255 0 3
0.012838 92136 10330 0 7
0.015251 92613 10372 0 3
0.018837 95160 10626 0 8
0.016495 97356 10845 0 2
0.040643 98396 10934 0 4
0.013367 99148 11016 0 7
0.005656 1935 1010 16 1
0.009612 2793 1012 23 1
0.020505 3401 1015 0 3
0.01039 3479 1016 0 2
0.025236 5345 1029 0 13
0.043942 5516 1032 0 3
0.017431 8316 1041 63 1
0.077835 10050 1053 1 3
0.029366 10732 1057 84 1
0.051249 11012 1059 0 6
0.117803 11981 1064 0 4
0.036476 12685 1068 107 1
0.095062 15382 1081 0 3
0.046684 16404 1087 0 16
0.103264 16827 1089 0 4
0.041217 17124 1093 121 1
0.120185 19034 1111 0 4
0.176962 19662 1114 0 4
0.180295 22869 1134 0 3
0.116054 24121 1147 0 7
0.057593 26452 1166 0 9
0.148945 26867 1169 0 9
0.081212 27190 1171 219 1
0.05577 30214 1187 0 10
0.170466 30789 1193 0 3
0.313498 32391 1200 4 2
0.269065 33038 1204 0 5
0.019644 34304 1210 0 15
0.104666 35315 1211 0 8
0.185566 36519 1224 2 2
0.255741 38442 1237 1 2
0.084491 38659 1239 320 1
0.035614 41801 1255 0 4
0.076448 44216 1273 0 8
0.258936 44866 1278 1 2
0.041042 46792 1291 136 1
0.182945 47330 1294 0 12
0.364202 47782 1298 0 3
0.025203 49025 1308 0 5
0.088219 49487 1311 346 1
0.296143 50299 1319 0 4
0.112407 51972 1329 0 5
0.533828 52863 1339 6 2
0.03406 53368 1342 0 3
0.303317 54009 1349 0 3
0.124369 54310 1350 0 5
0.093975 55237 1355 376 1
0.230533 55827 1357 0 8
0.302134 58308 1368 0 4
0.326669 59771 1377 3 2
0.154883 61302 1384 1 2
0.049212 62136 1387 0 16
0.22857 62573 1390 0 4
0.120309 63697 1395 435 1
0.293092 63869 1398 0 4
0.026432 63873 1399 0 6
0.26366 64450 1405 0 3
0.104797 65068 1407 425 1
0.039786 65263 1408 0 13
0.068943 68071 1423 0 5
0.217142 68490 1428 0 5
0.036404 69624 1435 0 6
0.104401 73609 1453 359 1
0.057764 4149 523 0 3
0.053281 5130 529 0 4
0.008434 6179 531 0 4
0.081374 7457 540 0 8
0.036096 10310 563 162 1
0.055214 12351 574 0 10
0.022529 13223 581 0 10
0.107209 15693 593 0 3
0.133819 16846 602 0 8
0.005999 19654 619 0 3
0.152143 21902 627 0 3
0.087265 21977 628 0 7
0.050255 22985 635 200 1
0.092455 23290 636 315 1
0.043084 25087 645 0 5
0.050278 25802 650 0 4
0.084368 25879 652 394 1
0.28311 25911 653 3 2
0.43854 27206 661 1 3
0.292675 28965 671 0 3
0.059377 29883 675 0 2
0.131804 30939 690 0 8
0.305961 32622 704 0 4
0.126131 35385 718 518 1
0.36725 37376 735 7 2
0.134379 37739 738 493 1
0.016741 39184 742 0 8
0.062148 39596 745 0 7
0.26928 40630 750 0 3
0.131331 40712 751 0 10
0.132914 40751 753 540 1
0.160079 41153 757 552 1
0.685459 41179 758 0 3
0.064381 42449 766 0 6
0.092932 42507 767 0 7
0.043888 44862 781 0 9
0.061991 45925 787 0 3
0.595546 47268 798 7 2
0.39397 49080 806 7 2
0.174789 51661 811 635 1
0.412201 52158 813 0 4
0.147278 52161 814 642 1
0.252417 52828 822 2 2
0.067035 53171 825 0 10
0.261611 54349 832 0 6
0.345337 54458 833 0 3
0.049968 56599 850 197 1
0.204636 56929 852 0 9
0.029523 57273 855 0 8
0.550053 60447 872 0 3
0.267092 60982 874 0 3
0.504606 62421 880 0 4
0.034026 66120 900 0 11
0.099957 72209 934 0 8
0.384942 72877 938 0 3
0.209363 73813 947 0 3
0.079633 74204 951 0 12
0.017482 74632 954 0 8
0.610753 75193 957 8 2
0.611788 75961 961 10 2
0.138162 78875 977 0 4
0.406248 78961 979 0 4
0.084833 79448 981 0 9
0.218214 80871 989 706 1
0.425476 82167 1000 0 3
0.078072 86220 1024 0 8
0.063676 86283 1026 0 9
0.385642 87399 1034 0 7
1.1301 95555 1088 11 2
0.051303 96010 1090 0 9
0.835437 98096 1098 0 3
0.182022 98125 1099 729 1
0.071041 98390 1100 356 1
0.210038 98888 1101 1029 1
