time files tags numtags
0.057542 1070 1003 5
0.078894 1199 1004 7
0.070488 1436 1005 6
0.065269 4245 1009 6
0.056304 4247 1010 5
0.090573 5018 1014 9
0.079588 5599 1017 8
0.119745 6842 1019 11
0.141279 8632 1021 13
0.151712 9835 1022 15
0.120945 10267 1023 13
0.068253 10694 1024 7
0.096533 11491 1028 10
0.132268 11562 1029 12
0.151904 12119 1031 12
0.089911 12875 1033 8
0.100619 13518 1037 8
0.093936 13977 1039 6
0.133382 14115 1040 10
0.10748 14816 1042 11
0.116909 17960 1051 12
0.072604 19392 1054 8
0.137459 22370 1059 10
0.143396 22454 1061 14
0.098012 559 1004 10
0.072076 793 1006 7
0.038463 2607 1008 1
0.084095 3812 1012 8
0.091075 3939 1013 10
0.103482 3969 1014 10
0.054117 4117 1015 4
0.081857 5143 1016 8
0.084129 6119 1018 6
0.068039 6281 1019 7
0.051623 7995 1023 4
0.079803 8879 1026 8
0.040386 10651 1029 3
0.042741 10909 1030 2
0.088112 11196 1032 5
0.121239 11763 1033 13
0.113388 12118 1036 11
0.079417 14808 1045 9
0.066899 18540 1054 7
0.059678 19122 1056 5
0.130719 19453 1058 12
0.15478 24540 1062 12
0.111289 24772 1065 11
0.062951 25101 1068 6
0.062687 25684 1071 5
0.192679 27135 1076 15
0.041522 27284 1077 2
0.067879 30100 1084 7
0.057652 30104 1085 4
0.164303 2147 1005 16
0.103824 2349 1006 10
0.081982 4097 1011 8
0.104475 5337 1013 10
0.105815 5482 1014 10
0.144903 5584 1016 13
0.093224 5854 1017 9
0.056617 6780 1018 3
0.104822 7670 1019 10
0.101525 8831 1024 10
0.104579 9856 1028 5
0.101291 10070 1029 10
0.049792 10182 1030 3
0.088491 10359 1032 9
0.075272 10962 1036 7
0.092514 12460 1041 9
0.096389 14852 1043 10
0.072646 17024 1046 7
0.06758 18068 1050 7
0.076314 19330 1052 6
0.125917 19614 1053 10
0.068161 20697 1056 6
0.140966 22918 1062 13
0.086589 23707 1065 4
0.114799 23900 1066 7
0.075685 24749 1068 7
0.140027 25091 1071 13
0.102591 26528 1072 10
0.079587 27293 1075 6
0.066386 27451 1076 5
0.061335 28054 1079 6
0.045394 30658 1088 2
0.093845 33110 1091 4
0.113706 33868 1094 10
0.177651 35310 1099 8
0.083736 35356 1100 8
0.156154 35797 1101 9
0.139451 37392 1108 6
0.098796 37741 1110 10
0.096856 37777 1111 10
0.085515 37924 1112 7
0.069023 38573 1117 7
0.096595 38827 1119 7
0.071084 38912 1120 7
0.075106 39013 1121 6
0.080666 40030 1122 7
0.137039 40883 1126 13
0.077288 42003 1128 7
0.201934 43652 1132 12
0.118406 43745 1133 10
0.080803 44087 1135 6
0.125095 44651 1138 12
0.059459 45261 1140 4
0.062966 46723 1144 5
0.141941 49679 1156 12
0.075526 50309 1159 7
0.129251 51570 1162 13
0.114872 51864 1163 11
0.075846 53284 1164 7
0.10202 53289 1165 7
0.201896 54354 1167 14
0.075968 54576 1168 7
0.094072 54595 1169 6
0.056013 55319 1170 4
0.097383 57636 1174 10
0.087307 60240 1182 8
0.10535 60326 1183 7
0.078168 61509 1186 4
0.098871 62423 1190 10
0.08437 62695 1191 8
0.064227 63630 1195 7
0.097806 63770 1196 3
0.098208 64007 1197 7
0.172349 64024 1198 7
0.139814 66520 1207 10
0.07506 68396 1210 7
0.194982 68969 1212 9
0.1111 69282 1214 11
0.098205 71609 1218 9
0.071344 71844 1219 7
0.056365 72499 1222 5
0.084664 72540 1223 8
0.106973 72795 1224 10
0.150599 74474 1227 11
0.150745 75665 1231 14
0.137352 76969 1237 9
0.105358 78782 1243 10
0.077514 79730 1247 4
0.135768 80470 1251 8
0.184816 80922 1253 7
0.065272 84878 1266 6
0.190881 85910 1272 5
0.047407 86015 1273 4
0.116594 86541 1274 11
0.066535 87412 1275 6
0.110826 87937 1281 6
0.162581 88009 1282 9
0.089146 88330 1284 9
0.189504 88487 1286 4
0.059747 88668 1287 5
0.095833 89979 1290 10
0.087504 90379 1293 2
0.109731 91033 1294 11
0.086133 91165 1295 8
0.050748 93241 1300 4
0.123208 94319 1304 9
0.08137 95023 1305 6
0.081089 95243 1308 7
0.078367 96697 1312 7
0.171342 96849 1313 11
0.178841 98002 1315 9
0.155603 98852 1320 10
0.137238 1317 1004 8
0.170785 1431 1005 10
0.170077 1967 1007 11
0.122266 2231 1008 12
0.100022 2353 1009 6
0.123198 2519 1010 8
0.095076 3257 1013 6
0.130336 3288 1014 7
0.100718 5340 1020 8
0.163094 6301 1023 9
0.123354 7383 1025 7
0.07857 13 1002 8
0.149394 1446 1003 9
0.149537 1798 1004 9
0.065094 4272 1012 5
0.147249 5366 1018 7
0.160905 5802 1020 10
0.165431 7231 1025 10
0.158854 7774 1026 9
0.084865 10095 1029 4
0.125757 10705 1031 7
0.159302 11270 1033 10
0.196354 12207 1034 11
0.199996 15489 1045 13
0.131747 16129 1047 7
0.133779 17556 1051 9
0.17557 18392 1053 10
0.159778 18901 1056 14
0.091468 19222 1057 1
0.097961 19350 1058 4
0.113624 19764 1061 6
0.139054 23138 1070 8
0.061393 23560 1074 5
0.123579 23790 1075 8
0.101809 25011 1078 8
0.238904 27496 1085 9
0.137265 28593 1088 12
0.198609 29630 1090 13
0.178152 29870 1091 8
0.153251 30204 1092 6
0.104309 32026 1100 4
0.122837 33116 1106 9
0.099095 33269 1108 6
0.211102 34684 1110 11
0.17439 36232 1113 9
0.267664 39100 1122 11
0.197744 40082 1123 9
0.162568 40138 1124 10
0.138347 42490 1126 7
0.20608 44674 1130 12
0.272461 45593 1133 11
0.084613 45743 1134 5
0.191451 49256 1143 13
0.124074 50323 1148 8
0.111079 50507 1149 6
0.109747 51015 1151 9
0.310955 51283 1154 4
0.170178 51627 1156 13
0.258516 53714 1163 12
0.129219 55251 1167 7
0.080931 56318 1168 3
0.156703 56890 1169 7
0.174992 58534 1174 10
0.192591 59776 1176 8
0.103124 61937 1177 5
0.090795 63382 1181 5
0.142115 64616 1183 8
0.283436 66084 1188 12
0.260745 67031 1189 11
0.085663 67105 1190 7
0.279001 67501 1192 9
0.165224 67979 1194 9
0.110425 68836 1196 6
0.094351 69813 1199 8
0.073297 71403 1205 3
0.116225 71495 1206 7
0.156208 73384 1210 7
0.135904 73693 1212 11
0.165636 76267 1219 10
0.278419 77004 1221 14
0.148925 77172 1223 11
0.149428 77260 1224 9
0.104761 78481 1225 9
0.110821 81034 1229 6
0.322647 81138 1230 11
0.317919 81858 1234 10
0.213784 82096 1235 10
0.125091 83151 1237 7
0.200256 83506 1238 7
0.091634 84235 1241 8
0.154884 84564 1243 9
0.22528 84849 1244 12
0.140105 84971 1245 7
0.105513 85060 1246 4
0.300162 85646 1247 16
0.175945 87499 1252 10
0.195976 88323 1254 7
0.123326 88388 1255 2
0.304771 89382 1257 16
0.162387 90176 1262 7
0.2938 90948 1265 7
0.205407 91236 1266 11
0.152066 92815 1270 9
0.088993 92919 1271 6
0.07247 93349 1272 4
0.197954 93646 1274 7
0.196213 93915 1275 11
0.079506 94537 1280 3
0.220516 96529 1283 9
0.124904 96949 1284 6
0.105147 98255 1288 5
0.057142 98486 1289 3
0.147038 98989 1290 13
0.193253 99283 1292 11
0.092876 291 1002 8
0.060631 653 1004 3
0.152109 2285 1010 10
0.139922 2545 1011 10
0.229266 3715 1013 14
0.079828 4323 1016 7
0.178678 4629 1017 10
0.071827 6514 1021 3
0.139262 7645 1025 9
0.121165 8085 1027 9
0.101484 8120 1028 7
0.164046 9763 1030 7
0.07792 10424 1032 7
0.11499 10830 1034 7
0.162001 11867 1037 6
0.16205 12639 1040 11
0.146504 12912 1042 8
0.190101 13702 1043 5
0.153243 16259 1051 10
0.152053 17260 1053 9
0.101195 17783 1054 7
0.159779 18113 1055 6
0.180643 18299 1057 7
0.325972 18762 1058 17
0.089262 18891 1059 8
0.109451 19585 1061 4
0.101905 21813 1068 9
0.198978 22071 1069 14
0.236934 23351 1075 9
0.064179 24047 1077 6
0.075159 26496 1083 4
0.169941 26658 1085 11
0.268155 27043 1086 14
0.192377 27389 1088 9
0.171028 31283 1096 6
0.139812 31297 1097 8
0.343509 31608 1099 11
0.125926 32109 1101 7
0.112248 33016 1105 5
0.148808 34889 1109 11
0.083623 35159 1110 6
0.188225 35777 1113 9
0.135947 36196 1116 8
0.101832 37652 1118 5
0.094016 38321 1120 5
0.142442 40371 1126 8
0.172855 41559 1128 10
0.138766 42181 1130 8
0.165854 43525 1134 13
0.091798 45276 1138 8
0.127954 45298 1139 10
0.163493 46594 1140 9
0.081696 46859 1141 5
0.087408 47316 1143 7
0.071101 48391 1147 1
0.166423 48686 1150 6
0.217068 51232 1153 14
0.115305 52110 1158 9
0.222136 52134 1159 3
0.194644 53610 1163 12
0.150173 54800 1168 9
0.193877 55657 1169 11
0.071542 56465 1173 2
0.243898 57281 1176 11
0.171706 58393 1181 9
0.251074 59332 1183 7
0.071162 60787 1187 6
0.111246 62159 1191 6
0.111922 62718 1194 7
0.107827 63666 1195 6
0.128649 64048 1196 6
0.060672 64749 1199 4
0.272419 67613 1205 12
0.072705 67855 1206 4
0.110888 68279 1208 7
0.080619 69938 1216 7
0.074001 72357 1223 4
0.075869 74081 1228 6
0.188925 74451 1230 10
0.100882 75274 1233 9
0.058296 75465 1234 1
0.055849 75664 1235 3
0.155397 77362 1239 10
0.104559 77773 1242 2
0.053898 78091 1244 4
0.207049 78268 1246 14
0.125586 80636 1252 11
0.162798 83826 1260 10
0.12541 86041 1263 5
0.113962 87034 1264 3
0.100962 87272 1265 7
0.086082 87503 1267 5
0.17701 87856 1269 12
0.123375 88735 1271 9
0.130301 88921 1273 2
0.123822 89905 1279 6
0.159124 90211 1280 7
0.352486 90817 1282 12
0.335353 91572 1285 8
0.123691 91589 1286 10
0.230667 91641 1287 10
0.059447 92051 1289 4
0.147883 92217 1290 9
0.210803 92431 1291 11
0.056061 93272 1295 2
0.127388 93467 1296 2
0.390064 95131 1299 10
0.184493 95249 1300 14
0.217514 97783 1306 10
0.082371 98522 1308 6
0.088678 99116 1309 6
0.116694 99470 1311 6
0.125953 2364 1006 8
0.149477 2942 1007 9
0.09104 3812 1011 7
0.103078 4070 1013 6
0.209807 4471 1015 13
0.059219 4616 1016 4
0.102505 6140 1021 10
0.122357 6599 1022 8
0.112636 9217 1031 10
0.051885 9391 1032 4
0.070571 10330 1035 5
0.21876 12886 1040 11
0.249847 13715 1042 14
0.117244 18178 1056 5
0.209534 18444 1057 12
0.113465 18448 1058 8
0.183774 20248 1062 8
0.174078 20705 1066 11
0.194997 21945 1069 12
0.178987 23102 1071 9
0.177062 23273 1072 10
0.052338 23441 1073 4
0.17997 25604 1076 10
0.075981 26450 1079 7
0.127233 27142 1081 10
0.090527 27197 1082 7
0.116065 28508 1086 8
0.050001 29901 1089 2
0.074214 29926 1090 6
0.175263 30606 1094 6
0.146507 30839 1095 10
0.107417 30876 1096 6
0.172497 32391 1098 10
0.106551 33934 1102 5
0.173112 36053 1109 10
0.26863 36464 1110 15
0.09583 37192 1112 7
0.121255 37491 1114 8
0.103808 37770 1115 6
0.119541 38846 1120 7
0.093677 41468 1125 5
0.121709 44442 1130 8
0.143525 45004 1134 9
0.155004 45693 1136 9
0.237211 46668 1138 12
0.145249 49775 1145 9
0.158083 49777 1146 7
0.151048 50154 1148 9
0.12895 50474 1151 12
0.104794 51842 1155 6
0.190176 58773 1170 11
0.137551 59532 1173 11
0.108804 60048 1177 6
0.131393 61896 1181 11
0.326273 62133 1182 9
0.170474 62304 1183 5
0.084542 63885 1187 7
0.14843 65134 1191 8
0.16493 66407 1194 9
0.114906 67092 1196 7
0.113832 69233 1200 9
0.06487 70794 1204 5
0.136519 71120 1205 7
0.160916 71296 1206 11
0.209619 71939 1208 11
0.16437 72399 1209 4
0.107803 73849 1211 9
0.154107 74598 1212 12
0.095617 78438 1222 8
0.054607 79515 1227 4
0.180946 79675 1230 3
0.113421 81822 1235 8
0.18579 82726 1236 12
0.117507 82899 1239 10
0.081468 84440 1243 5
0.351518 85621 1248 6
0.1561 86175 1250 8
0.107837 89169 1255 6
0.184046 90059 1259 11
0.193067 90984 1262 4
0.173155 91339 1263 8
0.260977 91413 1264 15
0.117606 93635 1274 9
0.141323 93899 1275 8
0.22909 95240 1279 6
0.109197 96690 1286 4
0.290265 99441 1300 16
0.110145 199 1003 8
0.121411 1230 1006 8
0.062432 5387 1017 1
0.156221 5783 1018 8
0.13097 7119 1020 7
0.095854 8066 1023 6
0.093364 10482 1028 8
0.084339 12562 1039 7
0.056465 13413 1042 2
0.111253 14676 1047 8
0.170838 16600 1056 12
0.096269 19011 1065 5
0.074194 19048 1066 6
0.145997 21912 1075 9
0.159992 21923 1076 10
0.090737 23200 1078 5
0.166417 23379 1079 10
0.230052 25608 1086 9
0.097131 26038 1087 5
0.116495 27916 1093 7
0.045657 28102 1095 3
0.052765 29199 1098 4
0.054266 29485 1099 4
0.118308 31869 1106 6
0.064474 31870 1107 2
0.111954 33054 1109 7
0.092969 33777 1111 8
0.126305 34745 1114 11
0.040437 34840 1115 1
0.080497 34844 1116 7
0.069233 36867 1120 5
0.129564 38339 1124 7
0.115763 40474 1134 6
0.114025 40726 1135 7
0.121939 40813 1136 8
0.125468 42250 1139 11
0.101788 42317 1140 6
0.202049 42634 1141 12
0.125144 45664 1149 7
0.136605 45897 1151 8
0.08293 48545 1155 4
0.105301 49282 1156 8
0.108505 49904 1158 9
0.184489 50184 1160 10
0.096005 50828 1162 5
0.126229 51593 1165 7
0.129139 52090 1170 8
0.17614 52433 1172 12
0.230609 54280 1175 9
0.038823 55055 1178 1
0.09386 56105 1182 9
0.137693 58736 1187 9
0.125092 58831 1188 8
0.140532 60162 1194 8
0.109829 60775 1196 7
0.152419 61193 1198 10
0.108064 61344 1199 9
0.150466 61457 1201 10
0.731275 62282 1204 5
0.100055 62899 1205 9
0.166237 63841 1209 10
0.109945 65981 1215 7
0.111954 67497 1221 9
0.165102 67690 1224 9
0.145227 69274 1232 7
0.130031 70625 1233 8
0.086761 71680 1236 8
0.297412 72821 1238 14
0.122781 75190 1242 11
0.126555 75686 1243 8
0.111024 76457 1244 9
0.16605 78388 1248 11
0.090469 78793 1250 8
0.156792 79274 1252 13
0.083986 79600 1253 7
0.095254 83569 1262 7
0.155029 84520 1267 9
0.210457 85304 1271 11
0.097265 85497 1272 7
0.145125 87061 1280 9
0.103223 87579 1285 7
0.179824 89617 1288 9
0.15538 90197 1290 8
0.083724 91614 1293 7
0.19933 91628 1294 9
0.217173 91812 1295 10
0.092707 91916 1298 8
0.125573 93283 1300 5
0.10739 94087 1305 6
0.125223 94700 1308 3
0.158544 95318 1310 7
0.123555 96058 1311 11
0.160424 97958 1316 11
0.160332 97969 1317 11
0.107501 98530 1319 5
0.129067 99222 1322 11
0.220281 99299 1324 10
0.181609 99439 1325 10
0.118575 118 1002 7
0.141802 844 1004 8
0.142738 871 1005 8
0.154066 2377 1011 10
0.04983 3361 1013 2
0.150709 4279 1014 8
0.071465 4719 1016 7
0.112298 5865 1018 9
0.060777 7145 1023 2
0.130268 8417 1028 8
0.10415 9093 1031 6
0.12351 10167 1032 6
0.228794 10280 1033 13
0.178108 10506 1034 10
0.123325 10560 1035 9
0.125542 11226 1037 7
0.197315 12402 1039 10
0.11582 14323 1043 10
0.171673 16766 1054 10
0.077624 17127 1055 5
0.095896 17225 1056 9
0.132076 17866 1060 10
0.038833 19527 1063 1
0.123988 21559 1067 8
0.064318 21933 1072 4
0.075965 22390 1073 7
0.101811 23076 1075 5
0.074486 23511 1078 5
0.1284 23851 1081 6
0.102975 26382 1085 9
0.048496 27940 1090 2
0.098632 28042 1091 5
0.055339 30350 1101 3
0.165401 30515 1102 9
0.119015 31537 1104 8
0.064113 33342 1108 2
0.099015 36451 1116 6
0.136061 36547 1117 11
0.181103 36578 1118 11
0.203672 36711 1119 12
0.131893 40574 1129 11
0.112011 41408 1133 10
0.087632 41999 1135 6
0.234004 42008 1136 12
0.080817 43012 1142 7
0.101343 43081 1143 5
0.094267 44399 1147 3
0.224172 47011 1155 12
0.220695 48391 1158 15
0.14561 48435 1159 11
0.070446 48661 1160 2
0.12983 50436 1167 7
0.249239 51960 1171 14
0.163247 52473 1172 9
0.099299 53124 1174 9
0.081918 53440 1175 7
0.048149 54007 1177 3
0.19746 55507 1179 12
0.078993 57362 1182 5
0.198678 57406 1183 9
0.097526 57606 1184 5
0.186296 58108 1185 10
0.097608 58308 1186 9
0.123133 58361 1187 10
0.108562 60517 1191 5
0.120367 62508 1195 7
0.115863 62745 1196 9
0.108029 63121 1197 9
0.122578 63457 1201 6
0.111299 63518 1202 6
0.052088 64172 1204 2
0.083546 64218 1205 3
0.157792 64493 1206 9
0.064718 64968 1207 5
0.111822 64993 1208 6
0.081174 65781 1209 6
0.163474 66164 1212 8
0.162946 68366 1219 9
0.079554 70720 1225 6
0.047363 71322 1227 3
0.079834 72426 1229 6
0.122087 73184 1232 7
0.157892 73397 1233 9
0.089802 75710 1237 6
0.168667 76657 1241 8
0.117609 78044 1245 5
0.196396 80486 1249 11
0.101776 80997 1250 6
0.07289 81035 1251 5
0.146436 81165 1253 8
0.074096 81979 1256 2
0.148424 82296 1257 7
0.117365 83573 1260 4
0.089576 84488 1265 4
0.151572 86114 1267 13
0.148346 87344 1269 8
0.086544 91059 1274 3
0.098364 91869 1275 8
0.141329 92042 1276 8
0.114356 92958 1279 6
0.076207 93085 1281 5
0.075404 93145 1282 5
0.33054 93163 1283 17
0.119873 93224 1285 6
0.180263 94738 1286 9
0.101435 95530 1290 8
0.136879 95708 1291 11
0.190875 95937 1294 11
0.111673 97175 1298 9
0.230015 97343 1299 9
0.092285 3921 1014 6
0.113773 4884 1017 5
0.247789 5908 1019 13
0.072859 8917 1024 6
0.136553 10074 1025 8
0.089278 11225 1028 5
0.119539 11468 1029 11
0.172358 11858 1030 14
0.195731 14508 1036 13
0.059403 14920 1039 4
0.077798 15034 1040 7
0.121489 16378 1044 6
0.126132 16885 1046 7
0.129768 17070 1047 8
0.100879 18341 1052 6
0.122112 19396 1056 5
0.086171 20443 1060 5
0.050356 21123 1063 3
0.130071 21491 1065 12
0.122182 22452 1068 6
0.102351 22559 1070 8
0.139326 24112 1077 11
0.18954 24944 1078 12
0.180638 27877 1088 10
0.122667 29812 1093 10
0.088514 30838 1097 6
0.192914 31113 1098 11
0.137953 32446 1104 8
0.158528 32448 1105 9
0.157045 32887 1108 9
0.157805 34587 1113 10
0.109682 39133 1123 10
0.134839 39507 1124 7
0.133214 40477 1126 12
0.156969 41387 1130 9
0.069708 41769 1131 4
0.052174 44745 1141 2
0.080179 47895 1150 3
0.110214 47969 1151 10
0.135809 49343 1152 8
0.112569 49970 1155 10
0.105779 49987 1156 5
0.119185 50417 1158 10
0.082756 50646 1159 7
0.166086 50961 1162 10
0.073735 52067 1166 5
0.172508 52114 1167 10
0.202428 52587 1169 9
0.24433 53839 1174 14
0.197038 54797 1178 11
0.139096 56230 1182 11
0.188898 56607 1183 11
0.155904 56637 1184 10
0.114067 57082 1186 5
0.091857 57870 1190 7
0.059719 58494 1192 4
0.158582 60311 1195 10
0.082577 63888 1203 5
0.054236 64007 1205 4
0.1186 66499 1211 10
0.201589 66576 1212 11
0.056402 68664 1217 3
0.139778 72383 1224 8
0.12426 73884 1227 7
0.141225 74248 1230 12
0.08376 75224 1232 7
0.069155 75315 1233 5
0.26202 75889 1235 7
0.091773 77218 1238 7
0.13005 78225 1241 12
0.101847 79512 1247 8
0.099053 82438 1254 8
0.115049 83063 1256 11
0.06558 83847 1259 4
0.11873 83872 1260 10
0.077105 84486 1263 5
0.069599 86393 1269 3
0.242195 87284 1274 10
0.110779 89432 1280 10
0.159779 91509 1287 8
0.238459 93127 1292 13
0.29614 94302 1297 9
0.126437 95738 1301 10
0.264219 95995 1303 11
0.381243 97559 1306 8
0.233778 98163 1307 13
0.058917 1765 1021 4
0.09891 2441 1032 7
0.124439 2693 1039 9
0.148885 2874 1043 9
0.099934 3343 1051 5
0.340036 3346 1052 16
0.14224 3418 1054 8
0.144427 6079 1094 8
0.05279 6490 1101 4
0.132128 7187 1112 10
0.087795 9548 1152 4
0.182658 9815 1156 7
0.136279 10355 1167 8
0.135633 11750 1181 6
0.179413 11890 1185 4
0.174774 13380 1211 14
0.137563 13451 1212 11
0.187948 13715 1217 10
0.132534 15012 1234 9
0.198709 15965 1243 11
0.067084 16622 1257 5
0.119458 18230 1287 7
0.187137 18576 1295 12
0.123915 19994 1317 9
0.079984 21606 1342 4
0.151563 21949 1348 13
0.343126 22902 1360 11
0.065637 23350 1365 5
0.118925 23637 1371 12
0.329616 25893 1403 10
0.097893 25924 1406 3
0.871441 25947 1407 10
0.115909 26185 1414 10
0.072003 26380 1415 6
0.090667 27043 1423 8
0.220551 28527 1443 4
0.11937 736 1007 7
0.052819 1636 1017 1
0.084238 1507 1019 7
0.076359 1524 1020 7
0.113252 1798 1025 9
0.254715 2249 1030 15
0.228423 2500 1034 12
0.185888 4128 1057 12
0.08689 4166 1059 7
0.178363 5121 1071 8
0.114406 5927 1082 8
0.458843 6194 1085 13
0.122168 8776 1117 7
0.058156 9611 1134 3
0.126837 10099 1137 7
0.175184 12197 1162 10
0.209358 12415 1168 12
0.118193 15259 1221 7
0.093173 17530 1252 6
0.130691 17939 1256 7
0.084555 19341 1274 4
0.115507 19840 1283 9
0.137705 20139 1288 11
0.175545 23035 1328 13
0.123051 26418 1382 7
0.139374 26559 1384 8
0.12879 26703 1385 6
0.234347 27042 1393 12
0.093528 28142 1414 7
0.092167 29114 1431 8
0.148894 29762 1442 7
0.298643 31137 1457 6
0.080893 31163 1458 6
0.132713 33450 1487 7
0.095863 33763 1489 8
0.108466 34251 1497 4
0.204597 35249 1512 10
0.154496 35416 1514 14
0.138416 36165 1524 10
0.080891 37240 1535 7
0.101379 38542 1549 4
0.113756 40252 1575 10
0.191808 41255 1586 12
0.244078 41320 1587 5
6.48524 43542 1620 7
28.641 43553 1621 12
0.122061 44193 1626 11
0.086447 44337 1628 5
0.126799 44391 1630 7
0.083447 44533 1631 5
0.139601 46306 1662 9
0.1042 48740 1693 6
0.147097 48745 1694 8
0.12659 55072 1778 8
0.175534 55235 1783 10
0.415476 57448 1803 16
0.127237 60048 1839 11
0.260219 60666 1850 7
0.216399 61280 1858 2
0.619045 62549 1879 4
0.307548 65208 1919 8
0.330607 65336 1921 10
0.191631 65695 1928 9
0.230879 66450 1943 6
0.301444 67145 1951 10
0.324677 69114 1975 11
0.140165 72682 2031 7
0.256974 73085 2038 9
38.3575 73130 2039 11
0.247598 73462 2045 4
0.270136 74224 2054 8
0.142567 75223 2066 8
0.27866 76201 2078 8
0.102477 78412 2114 10
0.23853 78858 2121 8
0.276699 79436 2133 10
0.095352 80017 2140 4
0.290136 80533 2154 11
0.174381 80687 2157 11
0.124456 81166 2166 11
0.209461 81533 2172 4
0.245736 83238 2197 5
0.406934 84688 2222 8
45.7193 84907 2226 8
0.314069 85265 2229 9
0.310982 87092 2258 13
0.156583 87590 2267 8
0.271184 87732 2268 16
0.250218 89556 2296 4
10.4483 90273 2305 12
0.281978 90321 2307 8
0.318297 91386 2323 9
0.295489 94421 2363 10
0.547332 95986 2391 10
0.193421 97669 2411 13
0.137713 903 1014 8
0.068529 1770 1033 1
0.061591 2483 1044 4
0.410544 3539 1055 12
0.135219 3824 1058 9
0.119706 4543 1068 7
0.112727 6391 1096 6
0.075222 6667 1101 7
0.067643 8757 1129 2
0.175596 10296 1149 9
0.132504 10484 1151 11
0.103458 10698 1156 5
0.083442 11554 1178 8
0.130598 14375 1215 8
0.137932 15064 1228 6
0.135112 15786 1234 8
0.1067 17799 1264 5
0.049802 20723 1298 3
0.111435 21649 1310 10
0.156738 21737 1311 10
0.128704 22657 1327 9
0.087581 25980 1360 8
0.061125 27195 1382 1
0.133517 34246 1473 8
0.146953 34771 1485 7
0.085475 35539 1496 7
0.169061 35887 1502 10
0.149968 36074 1505 11
0.104078 37712 1527 9
0.138597 38301 1535 8
0.153513 39174 1555 10
0.301595 40274 1570 9
0.126269 40500 1575 8
0.161136 41906 1597 8
0.048316 43807 1625 2
0.068251 43822 1626 1
0.116974 45224 1638 7
0.097456 46081 1644 7
0.131314 46324 1648 7
0.144162 46427 1649 9
0.097567 47204 1659 8
0.08518 48051 1671 7
0.180237 48321 1674 9
0.134691 52792 1726 8
0.051064 53346 1737 2
0.289403 54649 1760 8
0.089892 54663 1761 3
0.1763 56684 1792 10
0.249996 57081 1798 7
0.172446 57519 1808 10
0.139269 57700 1812 7
0.2868 57750 1814 5
0.127675 58234 1820 10
0.189347 58749 1827 12
0.079686 59744 1843 5
0.209992 60293 1851 12
0.099121 61190 1869 5
0.270948 65097 1926 5
0.245101 66649 1953 9
0.434894 67033 1958 10
0.134438 67342 1964 5
0.256864 67565 1968 5
0.347513 67688 1972 10
0.369785 68101 1977 8
0.315799 68358 1981 6
2.85269 70674 2018 6
0.202731 71098 2022 10
52.8222 71278 2025 9
0.322179 71896 2032 8
0.096898 72639 2049 7
0.292102 73924 2063 6
29.2252 73989 2064 12
0.271482 75271 2092 10
0.240713 76306 2109 1
0.370235 77177 2124 9
0.279541 77938 2135 9
0.271736 78818 2146 12
0.108803 80494 2175 6
0.15936 81525 2192 10
0.253254 82175 2198 5
0.166453 82542 2202 11
0.330119 82632 2204 8
0.188981 84754 2237 10
0.310023 85079 2242 8
0.392741 85099 2243 9
0.203273 86290 2259 11
0.315703 87969 2279 9
0.072328 88432 2280 3
0.094481 91126 2332 3
0.247592 92949 2355 7
0.120865 93758 2370 9
1.56561 94043 2373 7
0.120701 96387 2408 10
0.257463 97515 2423 11
0.093226 99032 2444 8
0.116119 244 1026 8
0.083593 594 1056 4
0.216582 802 1085 13
0.065571 1126 1112 4
0.250085 6360 1657 14
0.095332 7156 1729 8
0.166381 7291 1740 9
0.079343 9713 1981 6
0.057619 9890 1999 2
0.121465 11378 2172 9
0.228591 14631 2496 11
0.174706 15636 2572 8
0.056619 16503 2674 3
0.067099 16610 2682 5
0.152483 17417 2766 7
0.100704 17560 2775 8
0.101149 18887 2923 8
0.106441 19076 2938 9
0.12892 21666 3198 10
0.121015 22164 3242 5
0.176701 22379 3269 10
0.104349 22489 3281 6
0.142604 23587 3382 8
0.102602 24826 3515 6
0.161825 25664 3601 8
0.087684 25707 3606 6
0.106372 25991 3631 8
0.326638 26709 3699 5
0.075665 27192 3748 4
0.141043 27773 3806 6
0.163329 29558 3962 9
0.363309 29711 3978 8
0.21812 29892 3997 5
0.316442 30513 4056 4
0.321379 30725 4078 7
0.122364 30831 4093 10
0.106121 30859 4099 8
0.088073 33082 4315 4
0.094565 33199 4325 7
0.152087 33540 4353 9
0.233495 33566 4360 11
0.237062 34717 4472 15
0.217127 34778 4478 12
0.109309 35194 4519 8
0.200987 35951 4611 11
0.070875 36292 4644 1
0.145541 37452 4768 8
0.086711 37923 4821 4
0.171765 39551 4991 9
0.309261 39946 5034 7
0.09934 40021 5043 7
0.114922 41477 5201 9
0.132617 42372 5286 7
0.209495 42808 5321 11
0.305286 43718 5409 11
0.134386 44563 5489 7
0.446096 44651 5497 16
0.113407 45969 5634 6
0.075355 46178 5649 3
52.5891 46220 5655 3
0.129935 46569 5695 10
0.106081 46674 5707 7
0.257692 47053 5740 8
0.114797 47645 5793 8
0.172913 48109 5839 12
8.39584 48116 5840 6
0.163053 48799 5899 8
0.157638 48879 5912 12
0.303252 49614 5985 11
0.211983 49848 6007 12
0.437033 50574 6076 11
0.671532 50677 6090 6
43.6868 50685 6093 12
0.170327 51993 6210 8
7.44756 52154 6231 8
37.7854 52189 6239 9
0.110503 52738 6290 8
0.074482 53043 6319 3
0.131412 53959 6436 6
1.54859 54003 6444 1
0.138408 57690 6801 7
0.102876 57916 6825 8
0.135222 58505 6887 9
0.322922 59551 7009 10
0.210775 60054 7056 2
0.161435 60616 7111 12
0.445898 61520 7211 11
0.15689 64370 7488 7
0.253598 64480 7499 4
0.463015 66239 7695 11
0.232616 68134 7895 1
0.142367 70417 8127 8
0.092202 72378 8366 6
0.093851 72652 8394 5
0.411453 72654 8396 13
0.272229 74140 8546 4
0.293618 74186 8548 8
0.534999 75555 8683 2
0.217303 75783 8707 15
0.339897 77188 8846 7
0.166242 79917 9137 10
0.257371 80390 9184 7
0.109549 81826 9318 5
0.126714 83528 9482 7
0.248689 83588 9485 3
0.134836 84232 9543 7
0.806845 85054 9626 4
0.503057 86537 9768 11
0.11782 86569 9776 7
6.24421 87348 9844 10
0.495067 87967 9913 6
0.36695 88763 9996 9
0.401317 89647 10081 12
0.209328 89928 10101 11
0.773057 91408 10255 14
0.247742 92106 10326 6
0.064905 92136 10330 4
0.331106 92613 10372 9
0.274851 95160 10626 6
0.212217 97356 10845 1
0.164775 98396 10934 8
0.306779 99148 11016 11
0.083936 1240 1008 5
0.090571 1935 1010 10
0.095553 2793 1012 4
0.115561 3401 1015 7
0.107182 3479 1016 6
0.086741 5345 1029 7
0.174129 5516 1032 11
0.117613 8316 1041 10
0.090907 10050 1053 9
0.167535 10092 1054 15
0.172638 10732 1057 10
0.163832 11012 1059 9
0.089481 11981 1064 3
0.122914 12685 1068 6
0.042546 12951 1071 2
0.23572 15382 1081 13
0.089337 16827 1089 8
0.210659 17124 1093 12
0.085404 19034 1111 8
0.14673 19662 1114 13
0.063856 22299 1128 3
0.074187 22869 1134 6
0.069316 24121 1147 5
0.118131 26452 1166 9
0.209523 26867 1169 11
0.12225 27190 1171 4
0.311664 29632 1182 16
0.033655 30214 1187 1
0.132629 30789 1193 12
0.122626 32391 1200 10
0.185507 33038 1204 16
0.059568 35315 1211 1
0.11367 36519 1224 9
0.177782 38442 1237 10
0.10226 38659 1239 8
0.134103 41104 1253 7
0.103727 41801 1255 6
0.139121 42195 1262 7
0.173004 44216 1273 14
0.234092 44866 1278 14
0.441428 46792 1291 7
0.162709 46849 1292 12
0.355914 47330 1294 9
0.135165 49025 1308 7
0.146374 49487 1311 8
0.082631 50299 1319 1
9.23004 51972 1329 4
0.351933 52041 1330 13
0.304439 52863 1339 6
0.2304 53368 1342 6
0.355365 54009 1349 12
0.220766 54310 1350 7
0.274039 55237 1355 5
0.24197 55827 1357 12
0.273717 57233 1362 7
0.233699 58308 1368 2
0.255784 59771 1377 11
0.280751 62136 1387 10
0.120603 62573 1390 6
0.146189 63869 1398 8
0.301541 64450 1405 8
3.01506 65068 1407 13
0.938414 65263 1408 9
0.150246 67621 1422 7
0.20104 68071 1423 12
7.21765 68490 1428 2
0.252138 68598 1429 11
10.9422 69624 1435 16
2.67522 72574 1447 3
0.184868 72973 1449 12
0.070218 4149 523 5
0.085266 5130 529 8
0.08829 6094 530 6
0.083468 6179 531 2
0.108152 7415 539 3
0.132585 7457 540 8
0.079602 10070 560 7
0.097072 10310 563 9
0.090924 12351 574 4
0.171852 13223 581 10
0.213324 13703 587 18
0.156719 15693 593 13
0.06158 16846 602 3
0.260315 19654 619 7
0.20842 21902 627 4
0.237034 21977 628 4
0.711321 22041 630 5
6.28247 22296 632 9
0.40231 22985 635 21
9.99209 23290 636 8
0.412496 24263 639 5
7.21702 25087 645 6
0.25296 25879 652 7
0.33258 25911 653 16
3.92262 27206 661 14
1.68791 28965 671 3
0.299551 29883 675 5
6.82415 30939 690 7
0.281748 32622 704 9
0.398694 35385 718 19
0.101087 35936 723 9
0.378507 37739 738 7
0.286067 39184 742 9
0.374617 39596 745 15
4.78135 40630 750 13
0.313243 40712 751 6
0.110522 40736 752 7
0.256785 40751 753 4
0.254541 41153 757 4
0.041909 41179 758 2
0.5303 42449 766 20
0.254493 42507 767 2
0.080813 44862 781 4
0.235245 45498 784 6
0.079882 45925 787 7
0.458732 47067 795 12
0.2208 47268 798 7
0.055418 48433 803 3
0.099 49080 806 8
0.103705 49873 808 5
0.187043 52158 813 15
14.3858 52161 814 5
0.123684 52828 822 7
0.167375 53171 825 11
0.270819 54349 832 8
0.191364 54458 833 13
0.035515 54923 835 1
0.071708 56599 850 5
0.303208 56912 851 17
0.13307 56929 852 12
0.39029 57273 855 6
0.21584 58599 862 12
0.086504 60447 872 7
0.053312 62421 880 3
0.226632 63949 888 6
0.232481 70511 925 1
0.296357 71066 928 13
0.334346 71862 932 6
0.169811 72209 934 1
0.200096 72877 938 6
0.234834 73813 947 4
0.05989 74204 951 5
26.8568 74632 954 9
0.618955 75193 957 6
0.376418 75961 961 14
0.128371 78875 977 11
0.058785 78961 979 4
0.180835 80871 989 11
0.071929 82167 1000 5
0.22641 83925 1012 4
0.035623 86220 1024 1
0.051562 86283 1026 3
0.095043 87399 1034 5
0.275702 93473 1073 5
0.248642 95555 1088 6
0.301389 96010 1090 11
0.279154 98096 1098 10
0.335686 98125 1099 10
11.6052 98390 1100 7
0.277466 98888 1101 10
