4.57967 1025 501 
3.85487 1025 501 
5.10971 1025 501 
9.85884 1025 501 
6.51416 1025 501 
4.21884 1025 501 
4.69825 1971 501 
5.31628 2017 502 
4.95617 545 501 
6.24466 1660 502 
4.26746 1346 501 
10.2427 3932 501 
15.4702 447 501 
25.8226 836 502 
5.75962 2190 503 
3.36889 2346 504 
4.88585 3193 505 
5.45986 440 501 
4.05522 1485 502 
3.55026 1770 503 
1.48318 3410 504 
5.2126 5221 505 
22.5872 5477 506 
4.83594 6813 507 
3.04899 8214 508 
5.9764 965 501 
4.39514 1883 502 
2.17373 3152 503 
15.8865 3545 504 
4.67633 4644 505 
25.3095 5409 506 
5.6543 5809 507 
9.66941 9019 508 
3.40436 9913 509 
2.03913 10582 510 
4.79727 11784 511 
14.393 12092 512 
33.9512 14172 513 
4.94797 15831 514 
5.05215 16305 515 
5.7895 17624 516 
5.32546 17651 517 
33.9184 17905 518 
28.5778 18480 519 
4.9224 18750 520 
4.62068 19031 521 
2.61993 23181 522 
2.62285 25457 523 
2.66723 26141 524 
31.7209 26380 525 
4.49196 27174 526 
4.63383 27616 527 
5.50885 29716 528 
3.96927 30627 529 
2.31504 31008 530 
2.02979 31888 531 
5.34023 32905 532 
1.92699 34374 533 
5.48069 34736 534 
5.27732 35023 535 
2.94584 35892 536 
9.19786 36434 537 
19.8374 36510 538 
13.0886 37138 539 
27.6749 39256 540 
3.00571 41151 541 
1.56808 42938 542 
22.4047 43319 543 
1.64709 44927 544 
2.51121 47182 545 
3.78638 47555 546 
24.2986 47748 547 
54.5726 49445 548 
4.76582 53124 549 
2.99782 53590 550 
20.2284 54784 551 
4.90957 55658 552 
11.1913 56584 553 
5.02424 57818 554 
3.95979 58357 555 
2.34375 59557 556 
4.62416 61353 557 
17.5106 61650 558 
4.6405 61946 559 
1.89377 65020 560 
3.60986 65105 561 
7.01499 65963 562 
3.33216 66359 563 
5.31884 67195 564 
4.99305 68148 565 
6.35883 68729 566 
2.10177 69498 567 
2.73513 70916 568 
1.84467 72141 569 
5.50788 72540 570 
12.5658 72838 571 
8.2757 73755 572 
5.66102 74770 573 
6.2939 74934 574 
3.8157 76441 575 
13.1844 76896 576 
4.81581 77886 577 
5.16119 78691 578 
45.8813 82609 579 
13.8142 83244 580 
1.56641 83604 581 
5.40953 84132 582 
4.89209 85513 583 
4.17787 86129 584 
9.80382 86469 585 
5.16193 89520 586 
3.93328 90704 587 
4.56413 92488 588 
21.5094 93399 589 
5.33099 97180 590 
