1.55541 1025 502 
3.00149 1025 502 
12.8838 1025 502 
21.5543 1025 502 
2.05606 1025 502 
2.16301 1025 502 
2.16901 1971 502 
2.26635 2017 503 
3.3874 545 502 
2.61246 1660 503 
1.14468 1346 502 
2.128 3932 502 
1.75734 447 502 
2.93814 836 503 
2.17582 2190 504 
3.10511 2346 505 
12.215 3193 506 
10.5976 440 502 
1.14678 1485 503 
2.32884 1770 504 
2.83411 3410 505 
2.15315 5221 506 
34.1541 5477 507 
2.0786 6813 508 
33.7533 8214 509 
25.1784 965 502 
2.43123 1883 503 
3.02925 3152 504 
2.17529 3545 505 
2.17518 4644 506 
1.44126 5409 507 
8.75737 5809 508 
2.91153 9019 509 
2.44272 9913 510 
1.38334 10582 511 
2.83597 11784 512 
1.23153 12092 513 
0.991384 14172 514 
4.51594 15831 515 
1.15719 16305 516 
3.02543 17624 517 
2.60858 17651 518 
1.64352 17905 519 
3.1074 18480 520 
1.90277 18750 521 
1.8382 19031 522 
1.38982 23181 523 
1.87671 25457 524 
6.62678 26141 525 
2.50421 26380 526 
1.14972 27174 527 
2.29228 27616 528 
1.56835 29716 529 
3.76087 30627 530 
2.89926 31008 531 
2.76643 31888 532 
3.79281 32905 533 
3.88068 34374 534 
2.68266 34736 535 
29.3863 35023 536 
2.23129 35892 537 
2.4186 36434 538 
2.15404 36510 539 
1.22736 37138 540 
2.55687 39256 541 
6.65291 41151 542 
8.47109 42938 543 
2.13785 43319 544 
3.10114 44927 545 
2.1631 47182 546 
1.46598 47555 547 
2.00392 47748 548 
2.07204 49445 549 
2.12538 53124 550 
2.79469 53590 551 
1.40267 54784 552 
3.02697 55658 553 
2.23218 56584 554 
8.85403 57818 555 
3.32426 58357 556 
2.59491 59557 557 
2.2596 61353 558 
2.02095 61650 559 
3.02568 61946 560 
5.37839 65020 561 
2.69511 65105 562 
1.13303 65963 563 
7.99093 66359 564 
16.9019 67195 565 
29.8067 68148 566 
15.1338 68729 567 
5.52883 69498 568 
13.8798 70916 569 
2.06169 72141 570 
1.64537 72540 571 
3.08592 72838 572 
2.49901 73755 573 
5.23389 74770 574 
2.66493 74934 575 
31.4531 76441 576 
0.668069 76896 577 
2.15983 77886 578 
9.27779 78691 579 
10.0892 82609 580 
1.08087 83244 581 
1.8423 83604 582 
23.064 84132 583 
3.2896 85513 584 
2.85849 86129 585 
29.6379 86469 586 
3.14462 89520 587 
3.16723 90704 588 
2.94873 92488 589 
21.9474 93399 590 
3.56856 97180 591 
