0.002931 1025 502 1
0.003673 1025 502 1
0.003666 1025 502 1
0.003774 1025 502 1
0.003358 1025 502 1
0.002447 1025 502 1
0.00314 1971 502 1
0.003712 2017 503 1
0.00262 545 502 1
0.002973 1346 502 1
0.003155 3932 502 1
0.002813 447 502 1
0.002467 836 503 1
0.002698 2190 504 1
0.002428 2346 505 1
0.003273 3193 506 1
0.004358 440 502 2
0.00315 1485 503 1
0.003567 1770 504 1
0.003553 3410 505 1
0.003072 5221 506 2
0.003379 5477 507 1
0.002737 6813 508 1
0.002963 8214 509 1
0.00354 965 502 1
0.003762 1883 503 1
0.00367 3152 504 1
0.003597 3545 505 1
0.00266 4644 506 1
0.003096 5409 507 1
0.002722 5809 508 1
0.003486 9019 509 2
0.002846 9913 510 1
0.0033 10582 511 1
0.003415 11784 512 1
0.003696 12092 513 1
0.003821 14172 514 1
0.002673 15831 515 1
0.002895 16305 516 1
0.003508 17624 517 2
0.003762 17651 518 1
0.003778 17905 519 1
0.002724 18480 520 1
0.002728 18750 521 1
0.002787 19031 522 1
0.002851 23181 523 1
0.003308 25457 524 1
0.003127 26141 525 1
0.003638 26380 526 1
0.002835 27174 527 1
0.003766 27616 528 1
0.003092 29716 529 1
0.004289 30627 530 2
0.003505 31008 531 1
0.00274 31888 532 1
0.003542 32905 533 1
0.002908 34374 534 1
0.002849 34736 535 1
0.002853 35023 536 1
0.003449 35892 537 1
0.003369 36434 538 1
0.002635 36510 539 1
0.002931 37138 540 1
0.003254 39256 541 1
0.00347 41151 542 2
0.002685 42938 543 1
0.003983 43319 544 1
0.00361 44927 545 1
0.003002 47182 546 1
0.002502 47555 547 1
0.002663 47748 548 1
0.002948 49445 549 1
0.002511 53124 550 1
0.003435 53590 551 1
0.0038 54784 552 1
0.004032 55658 553 1
0.004122 56584 554 1
0.003006 57818 555 1
0.003514 58357 556 1
0.004391 59557 557 1
0.003021 61353 558 1
0.003542 61650 559 1
0.002919 61946 560 1
0.003141 65020 561 1
0.003308 65105 562 2
0.003772 65963 563 1
0.00324 66359 564 1
0.003472 67195 565 1
0.003229 68148 566 1
0.003501 68729 567 1
0.003151 69498 568 1
0.003806 70916 569 1
0.0043 72141 570 1
0.002742 72540 571 1
0.00334 72838 572 1
0.003401 73755 573 1
0.003482 74770 574 1
0.004112 74934 575 1
0.003134 76441 576 1
0.003442 76896 577 1
0.003613 77886 578 2
0.002512 78691 579 1
0.003708 82609 580 1
0.003357 83244 581 1
0.002648 83604 582 1
0.003012 84132 583 1
0.002814 85513 584 1
0.003697 86129 585 1
0.002797 86469 586 1
0.00295 89520 587 1
0.008687 90704 588 1
0.00278 92488 589 1
0.003753 93399 590 1
0.003242 97180 591 1
