362.823 1025 502 
396.685 1025 502 
421.273 1025 502 
296.63 1025 502 
311.969 1025 502 
335.483 1025 502 
675.098 1971 502 
131.428 545 502 
478.624 1346 502 
971.512 3932 502 
95.9412 447 502 
200.76 836 503 
463.903 2190 504 
655.314 2346 505 
844.506 3193 506 
189.701 440 502 
598.119 1485 503 
594.363 1770 504 
1255.09 3410 505 
1906.87 5221 506 
1883.2 5477 507 
1886.87 6813 508 
483.999 965 502 
665.339 1883 503 
837.509 3152 504 
1000.24 3545 505 
1388.87 4644 506 
1911.39 5409 507 
1604.05 5809 508 
3672.74 9019 509 
3612.07 9913 510 
3558.03 10582 511 
4189.41 11784 512 
4020.76 12092 513 
4702.77 14172 514 
5198.6 15831 515 
5236.12 16305 516 
5715.12 17624 517 
5573.86 17651 518 
5732.3 17905 519 
6436.46 18480 520 
6742.42 18750 521 
6014.92 19031 522 
7730.54 23181 523 
7477.11 25457 524 
8819.21 26141 525 
7734.59 26380 526 
8815.44 27174 527 
8797.12 27616 528 
9431.19 29716 529 
9810.73 30627 530 
10552.5 31008 531 
9768.28 31888 532 
10375.4 32905 533 
10248.7 34374 534 
10119.4 34736 535 
11668.4 35023 536 
11941.7 35892 537 
12080.8 36434 538 
11784.4 36510 539 
11494 37138 540 
12098.4 39256 541 
14350.5 41151 542 
13966.2 42938 543 
14230.6 43319 544 
15834.1 44927 545 
15622.5 47182 546 
15349.7 47555 547 
14948.1 47748 548 
16603 49445 549 
18268.9 53124 550 
18756.8 53590 551 
19958.9 54784 552 
21333.3 55658 553 
20773 56584 554 
20174.5 57818 555 
19784.2 58357 556 
21743.9 59557 557 
21661.3 61353 558 
22884 61650 559 
23081.6 61946 560 
24627.1 65020 561 
26641.4 65105 562 
27303.9 65963 563 
25933.7 66359 564 
25887.1 67195 565 
26017.4 68148 566 
25126.2 68729 567 
26080 69498 568 
24944 70916 569 
24700.3 72141 570 
31885.2 72540 571 
31480.5 72838 572 
30436.8 73755 573 
29920.8 74770 574 
32846.3 74934 575 
31203.7 76441 576 
29375.3 76896 577 
30568 77886 578 
33925.2 78691 579 
37030.2 82609 580 
35655.9 83244 581 
35047.9 83604 582 
33621.1 84132 583 
33735.1 85513 584 
39265.2 86129 585 
37235.2 86469 586 
36620.8 89520 587 
37482.1 90704 588 
41476.6 92488 589 
41509.1 93399 590 
41178.4 97180 591 
