0.104464 1025 502 0 234
0.126758 1025 502 0 234
0.148338 1025 502 0 234
0.127433 1025 502 0 234
0.104552 1025 502 0 234
0.10559 1025 502 0 234
0.106592 1971 502 0 221
0.145255 2017 503 0 221
0.12984 545 502 0 312
0.030453 1346 502 0 48
0.129227 3932 502 0 262
0.092904 447 502 0 210
0.135885 836 503 0 320
0.120759 2190 504 0 263
0.120564 2346 505 0 262
0.127291 3193 506 0 229
0.036351 440 502 0 42
0.092781 1485 503 0 168
0.088409 1770 504 0 160
0.119706 3410 505 0 211
0.142124 5221 506 0 272
0.057644 5477 507 0 35
0.163426 6813 508 0 263
0.181177 8214 509 0 310
0.094014 965 502 0 200
0.038723 1883 503 0 55
0.139174 3152 504 0 248
0.133999 3545 505 0 182
0.124297 4644 506 0 232
0.099452 5409 507 0 145
0.079229 5809 508 0 17
0.142049 9019 509 0 139
0.116024 9913 510 0 134
0.102744 10582 511 0 22
0.181556 11784 512 0 228
0.228655 12092 513 0 257
0.143104 14172 514 0 149
0.180554 15831 515 0 198
0.166871 16305 516 0 152
0.204489 17624 517 0 217
0.288642 17651 518 0 269
0.230913 17905 519 0 205
0.187867 18480 520 0 190
0.188342 18750 521 0 158
0.210971 19031 522 0 234
0.259029 23181 523 0 201
0.312037 25457 524 0 274
0.459898 26141 525 4 3
0.191278 26380 526 0 37
0.263559 27174 527 0 219
0.208714 27616 528 0 82
0.220955 29716 529 0 69
0.240897 30627 530 0 55
0.353741 31008 531 0 33
0.272158 31888 532 0 127
0.394539 32905 533 0 268
0.304652 34374 534 0 127
0.449291 34736 535 0 15
0.328687 35023 536 0 260
0.300555 35892 537 0 192
0.323829 36434 538 0 247
0.275784 36510 539 0 71
0.319459 37138 540 0 188
0.345028 39256 541 0 284
0.35784 41151 542 0 240
0.36798 42938 543 0 266
0.51626 43319 544 0 71
0.370312 44927 545 0 235
0.312267 47182 546 0 41
0.778124 47555 547 4 3
0.354681 47748 548 0 57
0.344439 49445 549 0 71
0.412655 53124 550 0 247
0.391782 53590 551 0 107
0.852641 54784 552 1 7
0.415895 55658 553 0 176
0.392602 56584 554 0 79
0.480988 57818 555 0 309
0.474064 58357 556 0 131
0.48899 59557 557 0 219
0.525435 61353 558 0 272
0.507191 61650 559 0 120
0.459613 61946 560 0 233
0.50594 65020 561 0 305
0.515065 65105 562 0 267
0.506268 65963 563 0 82
0.569265 66359 564 0 212
0.488775 67195 565 0 154
0.640279 68148 566 0 253
0.596969 68729 567 0 297
0.52308 69498 568 0 61
0.502151 70916 569 0 43
0.879045 72141 570 0 19
0.535049 72540 571 0 318
0.553394 72838 572 0 192
0.538744 73755 573 0 213
1.31958 74770 574 0 30
0.633946 74934 575 0 314
0.996332 76441 576 0 15
0.390833 76896 577 0 58
0.407451 77886 578 0 196
0.421816 78691 579 0 223
0.401632 82609 580 0 184
0.411863 83244 581 0 181
0.424744 83604 582 0 249
0.479787 84132 583 0 290
0.512489 85513 584 0 253
0.398485 86129 585 0 84
0.464693 86469 586 0 233
0.521281 89520 587 0 197
0.504159 90704 588 0 287
0.503352 92488 589 0 269
0.44012 93399 590 0 71
0.605624 97180 591 0 156
