38.4232 1025 502 298
48.4593 1025 502 298
52.1037 1025 502 298
42.3113 1025 502 298
43.8702 1025 502 298
46.34 1025 502 298
13.1051 1971 502 38
41.8502 2017 503 218
7.03845 545 502 46
11.9131 1346 502 57
22.4054 3932 502 110
43.5081 447 502 317
36.3724 836 503 268
15.4445 2190 504 141
39.5775 2346 505 301
15.5491 3193 506 90
8.84723 440 502 9
48.0164 1485 503 308
32.4382 1770 504 267
35.9085 3410 505 252
34.4705 5221 506 233
15.9969 5477 507 158
40.0516 6813 508 289
48.0863 8214 509 304
3.14942 965 502 8
42.9446 1883 503 276
30.1759 3152 504 259
5.63461 3545 505 116
3.93185 4644 506 18
38.0453 5409 507 231
15.4489 5809 508 133
33.5835 9019 509 255
75.4407 9913 510 272
26.4866 10582 511 110
8.10924 11784 512 39
44.6995 12092 513 309
16.713 14172 514 86
41.2558 15831 515 259
45.0251 16305 516 300
24.0274 17624 517 200
12.2326 17651 518 6
19.0198 17905 519 59
50.2056 18480 520 315
13.3256 18750 521 17
34.7866 19031 522 260
25.677 23181 523 166
33.3967 25457 524 202
31.3385 26141 525 194
21.8487 26380 526 162
9.36742 27174 527 32
11.1369 27616 528 159
26.7571 29716 529 209
14.5292 30627 530 9
4.34384 31008 531 87
19.801 31888 532 112
42.6613 32905 533 304
12.8935 34374 534 66
5.15901 34736 535 36
30.7394 35023 536 146
44.6232 35892 537 297
47.8158 36434 538 301
21.247 36510 539 196
12.5147 37138 540 156
27.0304 39256 541 146
10.1156 41151 542 45
34.2394 42938 543 137
34.2626 43319 544 186
24.6742 44927 545 182
13.7019 47182 546 73
36.8264 47555 547 298
27.8968 47748 548 250
32.1426 49445 549 165
8.42501 53124 550 81
27.9374 53590 551 230
24.8806 54784 552 150
14.7138 55658 553 86
29.1222 56584 554 142
34.4225 57818 555 251
32.9338 58357 556 226
14.8192 59557 557 85
34.7738 61353 558 282
21.5689 61650 559 154
35.7459 61946 560 302
40.4684 65020 561 259
19.2958 65105 562 14
30.2042 65963 563 265
26.8822 66359 564 205
36.0936 67195 565 282
21.2003 68148 566 237
30.8328 68729 567 260
28.6378 69498 568 194
20.899 70916 569 174
10.9942 72141 570 104
51.4602 72540 571 286
14.5325 72838 572 71
18.7101 73755 573 139
13.7635 74770 574 8
27.9212 74934 575 86
31.7525 76441 576 231
8.60111 76896 577 73
15.6903 77886 578 151
41.8931 78691 579 225
28.8212 82609 580 99
16.6562 83244 581 126
19.097 83604 582 174
19.9469 84132 583 176
12.7204 85513 584 35
16.8427 86129 585 53
39.2911 86469 586 317
34.4677 89520 587 259
38.6139 90704 588 267
50.8921 92488 589 294
30.4245 93399 590 233
30.7599 97180 591 155
