time files tags associatedfiles
0.026489 71 503 1 
0.065257 142 506 2 
0.018583 710 522 1 
0.018321 1481 544 1 
0.076858 1771 552 5 
0.019413 5519 659 1 
1.01731 5595 661 73 
1.34964 7156 706 94 
0.076314 7183 707 5 
0.15781 8014 730 6 
3.14939 9064 760 145 
1.7792 10414 799 130 
0.004305 10553 803 0 
0.036283 11231 822 2 
0.0352 12645 863 2 
0.018837 13155 877 1 
3.24797 15476 944 228 
0.216024 17468 1001 15 
0.203358 19258 1052 14 
0.213924 19737 1066 15 
4.19185 21188 1107 300 
4.06286 22865 1155 294 
0.06329 23000 1159 4 
0.003927 23232 1166 0 
0.288736 23781 1181 20 
0.120986 28431 1314 8 
0.107759 30378 1370 7 
0.004116 30672 1378 0 
0.102145 30782 1382 7 
0.551045 31039 1389 29 
6.61942 32508 1431 472 
0.349515 32865 1441 23 
5.87031 33374 1456 408 
6.58282 33645 1464 458 
0.371732 34814 1497 26 
0.423813 36584 1548 30 
0.049033 39698 1637 3 
0.383404 40575 1662 27 
0.402425 41034 1675 28 
0.22899 43864 1756 16 
0.480062 44083 1762 35 
0.299738 46051 1819 21 
0.358566 46231 1824 25 
0.419622 47766 1868 18 
0.365219 47775 1868 26 
0.163976 49028 1904 11 
0.206867 49059 1905 14 
0.613377 49336 1913 43 
0.483365 49469 1917 34 
0.034984 50002 1932 2 
0.028916 50474 1945 1 
0.113983 51505 1975 5 
0.297262 53146 2022 20 
0.595426 55648 2094 42 
11.5236 56627 2122 810 
0.529612 56851 2128 24 
0.714409 56932 2130 51 
0.703564 58080 2163 48 
0.004892 58485 2175 0 
0.718582 58867 2186 44 
0.290685 60196 2224 21 
0.050706 60934 2245 3 
11.9263 63773 2326 839 
0.049206 65231 2368 3 
0.320244 65233 2368 23 
0.203382 66744 2412 14 
0.019928 69224 2483 1 
0.107011 69808 2499 7 
0.158999 70210 2511 11 
0.389775 73736 2612 27 
0.202242 75030 2649 14 
0.199859 76682 2697 14 
0.032168 77082 2708 2 
0.034412 78624 2753 2 
0.710369 78760 2756 50 
0.883554 78869 2760 62 
12.4294 79348 2773 900 
14.0928 81678 2840 1013 
0.036328 82114 2853 2 
0.341771 83105 2881 14 
0.902506 84956 2934 57 
1.0749 86305 2973 63 
1.09477 90705 3099 81 
1.09568 92419 3149 66 
0.137355 93140 3169 7 
20.3941 93593 3182 1100 
20.6855 93807 3189 1154 
0.109031 94459 3207 7 
0.108348 96861 3276 7 
1.43797 98333 3319 99 
0.106685 98732 3330 7 
0.104289 98924 3336 7 
0.178257 99255 3345 12 
0.033114 102177 3429 2 
0.00432 102800 3447 0 
1.17402 104450 3494 88 
0.213615 104517 3496 14 
0.811621 107037 3569 62 
18.486 107223 3574 1302 
0.550737 107605 3585 29 
0.109711 107901 3594 6 
0.631286 107935 3595 45 
0.00532 108624 3614 0 
0.218967 108967 3625 15 
0.345551 110361 3664 25 
0.004605 110451 3667 0 
1.32924 111824 3707 93 
0.534198 112830 3736 39 
0.461664 113585 3757 32 
1.61955 113807 3764 113 
0.840303 114971 3797 57 
0.108724 115719 3818 7 
0.163485 116711 3847 11 
20.7201 118851 3909 1448 
0.147946 119004 3913 10 
0.077929 121958 3998 5 
0.092738 122503 4014 6 
0.345664 124176 4062 23 
0.508343 125066 4088 37 
0.830738 125839 4110 58 
0.019905 126767 4137 1 
1.96699 128548 4188 129 
0.075712 129447 4214 5 
22.9316 134452 4358 1621 
0.004001 134545 4361 0 
0.734795 135422 4386 52 
0.150337 138013 4461 6 
0.550906 138165 4465 34 
0.004456 138282 4469 0 
0.525199 139093 4492 37 
0.403262 139097 4492 28 
0.106673 140782 4541 7 
0.954724 141249 4554 67 
0.223369 142440 4588 15 
1.40359 146712 4712 100 
2.04239 147207 4726 144 
0.502578 149526 4793 35 
0.060452 152068 4866 4 
0.310688 154768 4944 21 
0.190016 155030 4952 13 
0.214054 155062 4953 16 
0.216513 155844 4975 15 
0.191863 158744 5001 13 
0.469946 159027 5001 32 
1.08704 160186 5001 75 
0.848592 160378 5001 61 
0.803503 161963 5001 57 
1.40801 162072 5001 98 
0.123696 163115 5001 8 
0.293761 164942 5001 20 
2.1436 168538 5001 150 
0.133492 169559 5001 9 
28.742 169801 5001 2014 
2.22593 172504 5001 112 
0.064633 172970 5001 4 
1.70398 173382 5001 120 
0.089584 173390 5001 6 
0.812712 173716 5001 41 
0.059539 175074 5001 3 
0.460743 176237 5001 31 
1.44172 176378 5001 95 
2.12879 176465 5001 149 
0.468969 177060 5001 27 
0.596464 179276 5001 38 
0.050029 179709 5001 3 
0.332064 180075 5001 23 
1.54205 180135 5001 101 
0.806752 180710 5001 50 
0.10616 180929 5001 7 
0.586778 183287 5001 39 
0.219718 183640 5001 15 
0.109853 183745 5001 7 
0.385149 183822 5001 20 
0.600068 184233 5001 41 
0.269303 185569 5001 18 
0.559334 186531 5001 39 
2.6778 192588 5001 115 
0.450701 192629 5001 31 
1.26778 192711 5001 70 
0.090758 192716 5001 6 
0.295129 193062 5001 19 
0.872172 194289 5001 61 
0.55259 194536 5001 37 
2.71209 195211 5001 111 
1.10239 195495 5001 46 
1.45138 196973 5001 108 
0.24753 197280 5001 17 
1.46245 197667 5001 108 
32.313 198580 5001 2291 
0.420613 199600 5001 29 
0.387723 199746 5001 27 
1.41634 200525 5001 103 
0.401017 202191 5001 27 
33.8996 203101 5001 2388 
33.2283 203894 5001 2396 
0.726095 203917 5001 51 
0.271202 205985 5001 18 
0.142237 209615 5001 8 
1.18721 210509 5001 86 
0.163014 210942 5001 11 
0.781113 212400 5001 54 
0.615096 214402 5001 45 
0.558476 218204 5001 41 
1.0254 219364 5001 70 
3.38099 221701 5001 182 
0.371693 221798 5001 26 
2.05646 223030 5001 139 
0.232241 224076 5001 16 
0.303957 224939 5001 20 
0.632543 224995 5001 45 
1.69779 225635 5001 114 
0.406013 227121 5001 29 
0.123195 227194 5001 8 
0.327413 227518 5001 23 
0.660271 229581 5001 47 
0.246476 231005 5001 17 
1.71947 233198 5001 123 
0.284557 235000 5001 20 
0.195507 235833 5001 13 
0.578444 235944 5001 40 
0.434292 238860 5001 30 
3.04718 239699 5001 212 
0.59222 239911 5001 41 
0.851028 240318 5001 53 
0.85151 240803 5001 59 
2.80272 244080 5001 199 
0.944755 244295 5001 68 
0.441832 245139 5001 24 
1.62237 245276 5001 84 
0.616486 245511 5001 44 
0.417394 248274 5001 31 
38.2989 248792 5001 2716 
0.587963 250623 5001 41 
1.17368 250661 5001 78 
0.829 254784 5001 56 
2.9304 258109 5001 208 
0.610632 259483 5001 42 
0.266263 259777 5001 18 
0.864876 259882 5001 59 
40.4761 261040 5001 2893 
0.785995 262717 5001 54 
1.2843 262871 5001 91 
1.4538 263121 5001 95 
0.385679 263331 5001 27 
0.266185 263495 5001 18 
0.222341 264453 5001 15 
1.33229 264899 5001 91 
0.82753 264982 5001 53 
0.574091 266072 5001 40 
0.372127 267203 5001 25 
43.6679 269626 5001 3030 
1.64549 269671 5001 128 
2.24695 269997 5001 148 
0.581258 270416 5001 40 
3.12677 270964 5001 214 
0.729912 271539 5001 52 
0.417544 272489 5001 29 
43.6475 272587 5001 3116 
0.464392 273889 5001 17 
1.73838 274373 5001 122 
1.26028 275316 5001 87 
1.3917 276056 5001 101 
0.462824 277465 5001 32 
0.424815 277798 5001 29 
2.932 278566 5001 205 
0.38639 279746 5001 26 
0.449199 280077 5001 29 
1.5571 280101 5001 105 
0.499107 280134 5001 35 
2.23596 282171 5001 155 
0.951776 282735 5001 66 
0.398757 282743 5001 27 
0.874825 283844 5001 60 
1.35816 284738 5001 96 
0.308055 284947 5001 21 
2.60362 285287 5001 181 
0.506772 285853 5001 35 
45.8384 286281 5001 3238 
0.353896 287732 5001 24 
1.29039 288970 5001 96 
1.80911 290235 5001 127 
0.43129 290576 5001 29 
3.75725 290670 5001 256 
0.860179 291102 5001 58 
1.49354 291266 5001 97 
1.46162 294411 5001 110 
3.5148 294866 5001 235 
0.003288 421 513 0 
0.032378 2058 560 2 
0.058392 2456 572 4 
0.697291 3981 615 51 
0.945073 5021 645 72 
0.908693 5502 659 71 
0.106852 5715 665 8 
0.062256 7409 713 4 
0.121115 8623 748 9 
2.25875 12416 856 189 
0.18961 12541 860 14 
2.46968 12711 865 193 
0.059583 12739 866 4 
0.190876 12974 872 14 
2.27607 13011 873 171 
0.019367 13305 882 1 
0.214567 16138 963 16 
0.208937 16185 964 16 
0.194948 17804 1010 15 
3.54986 19417 1056 267 
0.340047 20162 1078 25 
0.004001 20695 1093 0 
3.7995 21069 1104 291 
9.24739 25207 1222 386 
0.042807 26045 1246 3 
0.270134 26146 1249 20 
4.91798 26489 1259 365 
0.3045 26843 1269 23 
0.181102 26886 1270 13 
0.12948 31760 1409 9 
0.291496 32137 1420 22 
0.120578 33343 1455 9 
0.019349 33397 1456 1 
0.123205 33543 1460 9 
0.0706 33544 1460 5 
6.51852 34085 1476 456 
8.93544 34755 1495 439 
0.087191 36272 1538 6 
0.177783 37244 1566 13 
0.863229 40347 1655 35 
6.90629 40756 1667 544 
0.186349 42096 1705 14 
7.64502 42529 1718 572 
0.112294 42985 1731 8 
0.371681 43102 1734 28 
0.019196 44521 1775 1 
0.01912 44662 1779 1 
0.033318 45399 1800 2 
0.081993 46468 1830 6 
0.15528 47639 1864 11 
0.283883 48088 1877 21 
0.432993 48293 1882 32 
0.027136 48673 1893 1 
0.071537 50282 1940 5 
9.26822 50375 1942 700 
0.019406 54245 2053 1 
0.236243 56029 2104 17 
0.313178 56278 2111 23 
0.257932 57095 2135 19 
0.134588 59152 2194 10 
0.019957 59365 2200 1 
0.538553 60808 2241 42 
0.381529 61274 2255 28 
0.510136 61320 2256 39 
0.021968 61681 2266 1 
0.744002 62046 2277 58 
0.019156 63122 2308 1 
0.057359 64764 2355 3 
11.4521 69380 2487 879 
0.562253 69453 2489 42 
0.071614 70689 2525 5 
0.625555 70716 2525 49 
0.147404 70873 2530 11 
0.217349 71196 2539 16 
0.374221 71591 2550 28 
0.719671 72602 2579 55 
0.950725 74597 2637 63 
0.261638 74778 2642 20 
0.059765 76000 2677 4 
0.302223 76442 2690 22 
0.196317 76576 2694 14 
0.04898 77229 2712 3 
13.019 77713 2726 983 
0.640049 77737 2727 48 
0.033693 78247 2741 2 
0.056698 79173 2768 4 
0.005063 79390 2774 0 
0.021173 81335 2830 1 
0.440805 81942 2848 34 
0.314248 84114 2910 23 
0.111371 84426 2919 7 
0.087873 85237 2942 6 
0.157147 86604 2981 12 
0.162942 87641 3011 12 
0.311804 88204 3027 23 
0.060783 88653 3040 4 
0.333069 90288 3087 25 
1.40349 91656 3126 83 
0.045686 92041 3137 2 
0.338147 93824 3188 25 
0.191307 95730 3243 14 
0.045268 97834 3303 3 
0.36658 98756 3330 27 
0.045567 101526 3409 3 
0.571548 101802 3417 44 
1.30914 103279 3460 104 
0.374741 103297 3460 28 
0.415462 104578 3497 26 
0.693087 104822 3504 49 
0.111 105046 3510 8 
0.032968 106465 3551 2 
17.7737 106566 3554 1287 
0.677042 106833 3562 52 
0.019964 108758 3617 1 
0.092833 109164 3629 6 
0.023033 109400 3636 1 
1.28405 109657 3643 94 
0.047499 109831 3648 3 
0.238523 109866 3649 16 
0.378589 109880 3650 29 
0.420833 111163 3686 31 
0.273629 111515 3697 20 
18.1227 111921 3708 1352 
0.583751 113748 3761 44 
0.094369 115876 3822 7 
1.44625 116708 3846 85 
0.128389 116942 3853 7 
0.366357 117448 3867 21 
0.412288 119247 3919 31 
20.634 120577 3957 1510 
0.244263 120662 3960 19 
1.31457 121746 3991 100 
0.078042 122909 4024 6 
0.703833 123333 4036 54 
0.12418 124809 4079 9 
0.745949 127939 4169 59 
26.8256 128364 4181 1530 
0.777307 128748 4192 37 
0.110447 132091 4289 8 
0.36309 133185 4320 26 
0.074023 134482 4358 5 
0.241106 135502 4387 15 
0.368721 137363 4441 29 
0.248286 140243 4523 18 
0.492162 145680 4680 22 
0.458155 147768 4741 32 
0.200956 149450 4789 14 
0.00527 150623 4823 0 
0.208503 151091 4836 15 
0.413241 151273 4842 19 
1.76205 153261 4899 139 
0.168114 154970 4948 12 
1.50866 160824 5001 91 
0.10134 162272 5001 7 
1.65304 162327 5001 90 
0.144827 163717 5001 10 
0.301554 164550 5001 22 
0.5177 165491 5001 30 
0.276918 165812 5001 20 
25.8653 167055 5001 1900 
0.371887 167937 5001 27 
0.206148 168470 5001 15 
2.04023 168573 5001 145 
0.239892 168666 5001 16 
0.020171 170002 5001 1 
25.8958 170382 5001 1885 
0.350146 170778 5001 16 
0.655506 172759 5001 51 
0.727145 174211 5001 54 
0.138281 175762 5001 9 
0.439427 176076 5001 32 
0.609239 176305 5001 45 
0.335773 176421 5001 26 
0.745863 176555 5001 54 
1.45922 178358 5001 107 
0.410102 178387 5001 30 
0.435725 180688 5001 32 
1.68721 181432 5001 99 
26.9648 181638 5001 1992 
0.153467 184456 5001 11 
0.76909 184974 5001 56 
0.058759 185070 5001 4 
0.045711 186931 5001 3 
0.683295 187034 5001 51 
0.425528 188439 5001 31 
0.563424 189322 5001 42 
0.68776 190746 5001 52 
30.086 191059 5001 2253 
0.705881 192571 5001 51 
0.279748 193011 5001 19 
0.950363 193154 5001 69 
2.16119 195027 5001 92 
0.162956 195525 5001 11 
0.10492 195707 5001 7 
0.217981 196168 5001 16 
0.395004 196770 5001 29 
0.671466 197092 5001 47 
0.14885 198400 5001 11 
0.232746 198459 5001 9 
0.210705 198812 5001 15 
0.061213 199003 5001 4 
0.240527 200422 5001 18 
33.9477 201675 5001 2397 
0.136756 202493 5001 10 
0.62242 203525 5001 45 
0.964476 203631 5001 63 
0.318875 204505 5001 23 
0.523966 205902 5001 39 
33.5282 208967 5001 2352 
0.239137 209727 5001 17 
0.408793 211290 5001 16 
0.238856 214548 5001 17 
0.192654 215813 5001 14 
34.1428 218106 5001 2461 
2.07699 218416 5001 115 
0.26552 219362 5001 19 
2.1081 220055 5001 123 
1.28701 220086 5001 62 
1.15438 220316 5001 65 
0.256662 220831 5001 19 
0.698052 221867 5001 57 
0.235476 223668 5001 17 
0.114946 224306 5001 8 
0.886475 224371 5001 63 
0.654744 227363 5001 34 
0.122522 227898 5001 9 
0.300128 229190 5001 22 
34.318 229558 5001 2546 
1.28628 230777 5001 97 
1.14919 231805 5001 84 
0.234653 231834 5001 17 
0.493957 233047 5001 36 
0.423186 233334 5001 32 
0.241016 234482 5001 20 
0.335763 235223 5001 25 
0.502589 237641 5001 38 
0.272838 238566 5001 20 
2.16853 238780 5001 161 
1.26659 238947 5001 73 
0.270341 240493 5001 20 
0.126851 241637 5001 9 
36.1071 241991 5001 2646 
0.475813 243051 5001 35 
0.424335 244125 5001 29 
0.254991 244313 5001 17 
0.734182 244497 5001 46 
0.78201 244940 5001 58 
0.465092 245011 5001 17 
38.0692 247433 5001 2794 
0.631373 247442 5001 46 
0.423275 248898 5001 31 
2.7543 248932 5001 202 
0.370105 249147 5001 27 
0.625903 249783 5001 38 
3.32491 249840 5001 155 
1.18466 251262 5001 90 
1.02815 252004 5001 79 
1.5891 253601 5001 114 
1.56568 255634 5001 64 
1.40135 257175 5001 103 
1.8209 257349 5001 138 
0.559358 258854 5001 41 
37.9374 261133 5001 2887 
0.298465 261515 5001 21 
38.4406 261789 5001 2855 
0.476306 263037 5001 34 
0.836866 263435 5001 57 
0.287896 264462 5001 16 
0.351729 264930 5001 25 
2.61325 265955 5001 126 
1.16911 270962 5001 83 
1.30305 271720 5001 96 
0.292485 271841 5001 20 
3.36328 272715 5001 251 
2.28288 273704 5001 176 
0.726276 274614 5001 37 
0.53988 275716 5001 39 
0.976774 276028 5001 66 
2.62089 276061 5001 175 
0.424533 277080 5001 30 
2.9003 277216 5001 153 
1.86138 278139 5001 108 
0.743247 281867 5001 56 
0.573581 283643 5001 43 
1.86085 285176 5001 104 
0.381958 288597 5001 24 
2.35942 289383 5001 166 
0.367957 289835 5001 26 
0.353115 291990 5001 26 
0.32319 293102 5001 23 
0.790022 293704 5001 48 
46.2168 294966 5001 3266 
1.45203 295217 5001 84 
0.027742 224 508 1 
0.205872 992 530 15 
0.305851 1439 543 22 
0.004235 2062 560 0 
0.455382 2163 563 33 
0.555005 2501 573 43 
0.034219 2830 582 2 
0.677069 3310 596 52 
0.117774 5310 653 8 
1.18955 6204 679 84 
0.056999 6553 689 3 
0.057391 7092 704 4 
0.142725 7227 708 10 
0.028514 7391 713 1 
0.077193 7483 715 5 
1.63372 8391 741 113 
0.004456 9944 786 0 
2.21301 12451 857 162 
0.134668 12947 871 8 
0.073455 14244 908 5 
0.128879 14344 911 9 
3.46775 17331 997 261 
3.22767 17577 1004 246 
6.04807 18941 1043 286 
0.312579 19710 1065 22 
0.075455 20762 1095 5 
0.00376 21526 1117 0 
0.046827 22853 1155 3 
5.78878 23296 1167 324 
4.51101 23784 1181 341 
4.89863 24023 1188 331 
0.2616 24351 1197 19 
0.180144 25406 1228 13 
0.004109 26354 1255 0 
0.364677 26867 1269 27 
6.89438 27766 1295 380 
6.95248 28287 1310 382 
7.92935 28833 1325 407 
7.60891 29909 1356 429 
0.073885 32204 1422 5 
0.061721 32658 1435 4 
6.32926 33199 1450 486 
0.07311 33329 1454 5 
0.304638 33464 1458 22 
0.08869 34122 1477 6 
0.217791 36234 1537 16 
0.353424 36269 1538 26 
0.29001 36602 1548 22 
0.162178 36619 1548 12 
0.325638 37341 1569 24 
0.351808 37381 1570 27 
0.549114 37409 1571 41 
0.595743 38297 1596 45 
0.327792 38416 1599 24 
0.190598 39556 1632 14 
0.087278 39664 1635 6 
7.22 40464 1658 539 
0.266764 40469 1658 19 
0.249339 40777 1667 18 
0.076677 41385 1684 5 
0.431578 41444 1686 32 
8.11026 44270 1767 618 
0.208041 45422 1800 15 
0.534424 47134 1849 39 
0.424503 51309 1969 31 
0.020786 51730 1981 1 
0.321853 52091 1991 22 
0.630246 52506 2003 38 
0.205732 54673 2065 15 
0.877276 54874 2071 51 
0.595944 54978 2074 43 
0.138803 55860 2099 10 
0.331488 56343 2113 24 
0.826133 58283 2168 64 
0.004679 59814 2212 0 
1.05781 60929 2244 60 
0.742242 61948 2273 56 
0.098438 64355 2342 7 
0.419141 64955 2360 30 
0.03667 65922 2387 2 
0.159023 67799 2441 11 
0.59921 69036 2476 44 
0.164737 69431 2488 12 
0.031764 69595 2492 2 
0.357117 73387 2601 27 
0.481847 73604 2607 35 
0.252563 75188 2653 18 
0.522637 77083 2707 38 
0.112303 78605 2751 6 
1.40565 78786 2756 81 
0.074673 83527 2892 4 
0.110427 85008 2935 6 
19.5658 85234 2941 1110 
0.202742 85347 2944 14 
13.7027 85454 2947 1044 
0.231741 87417 3004 17 
0.679057 87767 3014 51 
0.612635 91358 3117 46 
15.6014 92810 3159 1150 
0.224958 93305 3173 16 
0.890503 95051 3223 65 
15.5581 95956 3249 1160 
0.721199 97487 3293 51 
0.141064 97523 3294 10 
0.24623 98687 3328 17 
0.087431 98944 3335 6 
0.119488 99606 3354 8 
0.172117 100167 3370 12 
0.450666 101910 3421 25 
0.043911 101999 3423 2 
0.571233 102507 3438 42 
0.085841 102691 3443 6 
0.032534 104207 3487 2 
0.354657 108223 3602 26 
0.050987 108365 3606 3 
0.15368 109029 3625 7 
0.26805 109536 3640 19 
0.996138 109746 3646 74 
0.104231 111772 3704 7 
0.685336 111846 3706 46 
0.146778 113210 3745 10 
0.114831 114102 3771 8 
0.049323 116370 3836 3 
0.194773 117904 3880 14 
0.00727 120814 3964 0 
0.383081 121374 3980 28 
22.2877 122751 4020 1537 
1.04418 123870 4052 76 
0.166328 124826 4080 12 
0.550705 125159 4089 40 
0.100391 125471 4098 7 
1.07012 125902 4111 68 
0.422643 126532 4129 31 
0.101612 127194 4148 7 
0.265207 127480 4156 19 
0.004175 133160 4320 0 
0.181886 138091 4462 13 
0.30098 140220 4523 22 
0.500478 140937 4544 34 
0.525429 146214 4696 39 
0.06107 149532 4792 4 
0.131334 152046 4864 9 
1.42448 152382 4874 92 
0.539764 152663 4882 33 
0.262302 153159 4896 19 
0.074761 153246 4899 5 
0.412138 155801 4973 30 
0.003872 155923 4976 0 
0.41079 156282 4987 27 
0.058044 158741 5001 4 
26.4312 160288 5001 1912 
0.139685 160521 5001 10 
0.060714 163926 5001 4 
0.135385 164404 5001 9 
0.062177 166393 5001 4 
0.963961 167068 5001 66 
29.1539 167260 5001 1942 
0.1017 168650 5001 7 
0.235112 170239 5001 16 
0.346872 173286 5001 25 
0.787074 174655 5001 56 
0.089809 175505 5001 6 
0.73135 175527 5001 52 
0.447402 176048 5001 31 
1.77493 176520 5001 125 
0.336524 176691 5001 24 
0.101793 176715 5001 4 
0.251911 177685 5001 18 
29.644 178604 5001 2145 
0.133193 180459 5001 9 
0.048599 180486 5001 3 
0.063671 180833 5001 4 
0.344477 181747 5001 25 
0.158899 186099 5001 11 
3.48868 187274 5001 133 
1.6644 187743 5001 121 
0.060862 188962 5001 4 
0.062961 189225 5001 4 
0.890336 192892 5001 65 
32.3785 195213 5001 2291 
0.061338 195463 5001 4 
0.396121 195654 5001 28 
0.156647 196372 5001 11 
0.527093 196449 5001 39 
0.423376 196654 5001 30 
31.6249 196842 5001 2277 
0.516974 197791 5001 37 
1.78204 198813 5001 120 
0.395449 199248 5001 29 
1.28323 200195 5001 98 
0.43966 201429 5001 28 
0.437906 203551 5001 20 
1.44853 203912 5001 68 
0.131021 204480 5001 9 
0.195563 204669 5001 14 
0.235224 205558 5001 16 
0.615624 205586 5001 45 
1.45308 206266 5001 107 
0.535249 207069 5001 38 
0.753306 210084 5001 46 
0.355306 210119 5001 26 
0.996951 211392 5001 57 
0.392413 212468 5001 28 
1.77231 212638 5001 89 
0.141788 214738 5001 10 
3.79038 214974 5001 199 
37.6259 216424 5001 2520 
3.78182 216559 5001 181 
1.29573 218883 5001 83 
0.515487 219193 5001 37 
0.896427 219778 5001 65 
0.906312 220109 5001 50 
0.817469 221323 5001 55 
0.331107 222448 5001 27 
0.731602 222540 5001 55 
0.357451 223649 5001 26 
1.28272 223839 5001 79 
0.74316 224787 5001 53 
0.785577 228776 5001 57 
0.20931 229221 5001 15 
1.69097 229378 5001 117 
0.285267 230429 5001 21 
0.256487 233118 5001 18 
0.9269 233831 5001 42 
1.07892 234313 5001 82 
1.29791 236369 5001 99 
0.164529 237357 5001 12 
2.93559 237839 5001 219 
0.413718 241866 5001 30 
1.51059 243123 5001 111 
2.06214 246567 5001 164 
1.67445 249789 5001 79 
0.450176 250138 5001 33 
0.284041 251152 5001 20 
0.152704 251751 5001 11 
0.560105 251918 5001 41 
0.666525 251974 5001 26 
0.759944 252979 5001 56 
1.00918 253990 5001 77 
0.473054 257190 5001 34 
0.793311 257262 5001 57 
0.478226 257434 5001 34 
0.490407 257593 5001 17 
0.584666 257926 5001 40 
2.22213 258885 5001 121 
0.293335 260052 5001 21 
1.68721 262937 5001 127 
0.775534 263640 5001 56 
0.589712 264606 5001 43 
43.6247 264968 5001 2974 
0.960918 265991 5001 72 
0.302872 266096 5001 13 
0.98279 266809 5001 70 
0.397065 267557 5001 30 
0.2486 270225 5001 17 
0.203473 271268 5001 14 
0.901205 272165 5001 62 
3.10719 273554 5001 225 
1.38633 274090 5001 102 
1.95522 274756 5001 135 
1.31126 275252 5001 98 
0.734489 276144 5001 54 
3.46754 276264 5001 242 
0.246093 276399 5001 17 
2.21791 276826 5001 148 
0.862925 277456 5001 63 
0.538449 280256 5001 32 
0.360147 281971 5001 23 
2.13837 282189 5001 154 
0.516248 282383 5001 35 
3.31153 283399 5001 228 
2.33428 283680 5001 156 
0.73861 284661 5001 52 
0.606317 286667 5001 44 
1.936 287055 5001 126 
0.29078 287525 5001 21 
0.384678 287927 5001 28 
0.523421 288547 5001 37 
1.01666 288579 5001 58 
0.306997 288868 5001 21 
46.2001 289358 5001 3286 
1.75811 291422 5001 122 
1.2543 291537 5001 89 
0.33231 292281 5001 23 
2.59094 292583 5001 165 
0.455102 293298 5001 32 
0.346099 294350 5001 24 
48.4763 295511 5001 3285 
0.003235 150 506 0 
0.083384 277 509 5 
0.020167 1195 536 1 
0.058508 2496 573 3 
0.085949 5797 667 6 
1.24965 6234 680 85 
0.032549 7416 713 2 
0.099977 8502 744 7 
0.099049 14045 903 7 
2.87676 14466 915 221 
0.165459 14627 919 12 
0.059921 14830 925 4 
0.031821 17342 997 2 
0.297551 18267 1024 22 
3.77765 18958 1043 288 
4.35243 20918 1099 310 
4.73542 21590 1119 328 
0.200205 21703 1122 15 
0.233179 21938 1128 18 
4.30551 22807 1153 304 
0.379177 23311 1168 17 
4.46832 24214 1194 339 
0.557691 24891 1213 17 
0.200841 24981 1216 15 
0.451744 25654 1235 22 
0.045066 28695 1322 3 
5.05624 29052 1332 391 
7.57381 29713 1351 429 
0.444133 30809 1382 33 
0.15907 30812 1382 12 
0.185727 30934 1386 14 
5.56735 32850 1441 420 
0.382004 33665 1464 29 
0.103007 34771 1495 7 
0.550897 35169 1507 40 
5.39081 35922 1528 430 
0.209362 36034 1532 16 
0.140261 38835 1612 10 
0.150028 39385 1628 11 
0.251784 39907 1643 19 
0.449502 40338 1655 34 
0.019424 41411 1686 1 
0.161116 41927 1700 12 
0.032889 42024 1703 2 
0.075664 42667 1722 5 
0.003928 43813 1754 0 
0.122872 44758 1782 9 
0.083842 44843 1784 6 
0.497334 45567 1805 38 
0.034129 47723 1866 2 
0.243463 48115 1878 18 
0.213857 48817 1898 16 
0.315033 52137 1993 23 
0.260455 52280 1997 19 
0.232497 52616 2006 16 
0.156598 54123 2050 12 
0.086555 54240 2053 6 
0.550139 54259 2054 41 
0.019018 54669 2065 1 
0.259473 55493 2089 19 
0.482862 57960 2160 36 
0.184682 58757 2182 14 
10.5279 61107 2250 800 
0.581095 63078 2306 44 
0.042343 63885 2329 3 
0.019425 66898 2416 1 
0.253332 66977 2418 19 
0.29875 69386 2487 17 
0.534547 70233 2512 28 
0.022493 70307 2514 1 
1.01367 71410 2545 61 
0.96638 73899 2617 47 
0.481017 75083 2651 29 
0.105676 75203 2654 6 
0.727464 75778 2671 42 
0.146583 77756 2727 11 
0.463875 78912 2760 35 
0.320575 78953 2762 24 
0.123847 83314 2887 9 
0.253683 84337 2916 18 
1.20385 87522 3008 95 
15.1992 88112 3024 1122 
0.004995 88122 3025 0 
15.225 88933 3048 1106 
0.048879 89377 3061 3 
0.571387 90460 3092 43 
0.478433 91532 3123 35 
0.154743 91571 3124 11 
0.018645 94614 3211 1 
0.265179 96000 3251 19 
15.7061 96139 3255 1182 
15.6826 96974 3279 1195 
0.034958 99577 3354 2 
0.570313 99982 3366 41 
0.1695 100080 3369 12 
0.293358 100584 3383 21 
0.492896 101198 3401 37 
0.622185 101678 3414 46 
0.226124 102280 3432 16 
0.099016 102301 3432 7 
0.138161 102603 3441 10 
0.197454 102917 3450 11 
0.568077 102931 3451 40 
1.00948 103148 3457 69 
0.187335 107207 3574 14 
0.062808 108479 3610 4 
0.099539 109581 3642 7 
0.05938 112198 3717 4 
0.625729 114553 3784 48 
0.546861 116104 3829 42 
0.249982 117276 3863 18 
1.40485 118219 3890 107 
0.069457 118643 3902 5 
1.06471 119181 3918 67 
0.150532 120609 3959 11 
0.167461 121186 3976 12 
0.132294 122652 4018 9 
0.4794 122766 4021 35 
19.6799 122834 4023 1474 
0.96261 123905 4054 74 
0.140804 128112 4175 10 
0.468622 128217 4178 22 
0.886044 128830 4195 42 
0.176663 129790 4223 13 
0.301986 131282 4266 22 
0.004991 131799 4281 0 
0.236035 133190 4321 11 
0.261672 133309 4324 19 
1.12088 135381 4384 85 
0.210286 136038 4403 15 
1.84878 139025 4489 129 
0.004097 140267 4525 0 
0.599113 140388 4529 43 
0.425183 140459 4531 20 
0.073423 141793 4569 5 
0.135969 143018 4605 10 
0.11453 143771 4626 8 
0.616471 143830 4628 24 
1.49885 144832 4657 99 
0.037598 146365 4701 2 
0.632129 146619 4708 47 
0.060963 148541 4764 4 
0.139018 149076 4779 10 
0.018777 152365 4874 1 
0.254742 152471 4877 19 
1.11498 153052 4893 67 
2.77596 154646 4940 142 
0.230742 156512 4993 16 
0.369194 157552 5001 26 
0.362552 157895 5001 26 
0.033891 158622 5001 1 
0.150288 160098 5001 11 
0.185507 160459 5001 13 
1.12561 162735 5001 72 
0.262624 163883 5001 19 
0.450733 164596 5001 33 
1.01781 165154 5001 78 
0.061726 166237 5001 4 
0.301714 167076 5001 22 
0.723559 167682 5001 55 
0.22612 169777 5001 16 
0.098951 169882 5001 7 
0.222785 174077 5001 10 
1.53174 175385 5001 94 
0.862022 177203 5001 42 
1.05208 178930 5001 76 
0.451145 179678 5001 32 
0.130638 181002 5001 9 
0.408099 181653 5001 30 
0.044202 182202 5001 2 
1.55715 182403 5001 120 
0.436123 182881 5001 29 
0.530865 183455 5001 40 
0.203663 183532 5001 15 
0.457063 183609 5001 34 
0.514516 186217 5001 39 
0.087306 187019 5001 6 
0.211822 189528 5001 15 
0.447278 189944 5001 33 
0.067905 190134 5001 4 
0.103564 191759 5001 7 
38.6365 192718 5001 2172 
30.1816 194632 5001 2248 
0.388548 196096 5001 29 
0.086832 196946 5001 6 
2.02977 198109 5001 134 
0.297693 199332 5001 20 
1.69767 200177 5001 129 
0.261121 200201 5001 19 
1.02767 200734 5001 75 
0.381262 202014 5001 29 
0.457468 202177 5001 34 
0.198724 205182 5001 14 
0.343083 205577 5001 24 
0.292619 209203 5001 23 
0.266693 209407 5001 19 
1.36793 210021 5001 102 
0.203451 211830 5001 14 
2.39745 212358 5001 178 
0.213913 212493 5001 15 
1.28252 212698 5001 96 
0.537143 214349 5001 39 
0.368095 214892 5001 27 
0.34215 216430 5001 25 
0.511186 216889 5001 38 
0.192695 217187 5001 13 
0.737267 217411 5001 55 
0.280691 218377 5001 20 
0.141585 218600 5001 10 
2.48339 218897 5001 187 
0.228025 219471 5001 17 
0.288929 220269 5001 21 
0.466246 221633 5001 32 
0.141048 223584 5001 10 
0.83201 223825 5001 54 
0.236738 223987 5001 13 
0.844492 224597 5001 50 
0.25819 228020 5001 19 
1.31248 228104 5001 92 
1.90445 229798 5001 141 
1.51064 231801 5001 116 
1.07513 232629 5001 64 
0.377857 234070 5001 22 
2.55121 236180 5001 141 
0.177903 237412 5001 10 
0.233936 238420 5001 13 
2.62461 240053 5001 155 
45.9167 240265 5001 2721 
0.205573 243687 5001 15 
1.28831 246683 5001 97 
0.355246 247701 5001 25 
0.941485 248319 5001 67 
0.636306 248923 5001 48 
0.224456 249187 5001 17 
37.4778 250065 5001 2825 
0.293298 253144 5001 21 
41.7202 253573 5001 2786 
0.586322 253677 5001 39 
1.23546 258057 5001 91 
0.728899 258171 5001 53 
0.219687 258829 5001 16 
0.796448 258917 5001 54 
0.582385 262790 5001 35 
0.269462 262986 5001 20 
0.34915 266087 5001 25 
0.829516 266487 5001 63 
3.57716 266632 5001 258 
0.288063 268214 5001 19 
0.489022 268953 5001 26 
0.567954 269862 5001 30 
1.07514 270309 5001 80 
0.32789 270351 5001 23 
0.68678 270428 5001 51 
2.94153 271589 5001 210 
2.48403 272486 5001 168 
1.75665 274564 5001 137 
0.520162 275586 5001 40 
0.425693 276882 5001 31 
0.287395 277447 5001 21 
4.22854 278239 5001 168 
2.63338 278262 5001 106 
0.28213 281645 5001 22 
0.349585 282325 5001 26 
0.290869 284267 5001 21 
3.71453 284270 5001 175 
0.474653 284505 5001 36 
4.20323 285565 5001 246 
3.81984 285642 5001 284 
0.674266 287179 5001 49 
1.15512 287334 5001 83 
1.1768 288067 5001 85 
0.345816 289802 5001 25 
0.631461 290428 5001 46 
0.230668 291612 5001 17 
1.37149 296148 5001 90 
2.36592 296248 5001 146 
0.843964 296585 5001 46 
0.446272 296620 5001 32 
