time files tags numfiles numtags
0.002371 710 522 0 2
0.00384 1771 552 0 5
0.019626 5519 659 90 1
0.003775 5595 661 0 3
0.005879 7156 706 0 7
0.008103 9064 760 0 2
0.005399 10553 803 0 3
0.031274 12645 863 177 1
0.013434 13155 877 0 2
0.003583 17468 1001 0 4
0.004496 19258 1052 11 1
0.005902 19737 1066 0 3
0.006965 21188 1107 0 6
0.007026 23000 1159 0 3
0.00644 23232 1166 0 3
0.003211 30378 1370 7 1
0.008916 30672 1378 0 2
0.003807 30782 1382 8 1
0.005243 31039 1389 0 5
0.099569 33374 1456 443 1
0.005081 33645 1464 0 5
0.018378 34814 1497 0 3
0.008184 36584 1548 28 1
0.00514 40064 1647 13 1
0.007665 40575 1662 0 4
0.005232 41034 1675 16 1
0.011472 43864 1756 44 1
0.013918 46051 1819 0 4
0.005907 46231 1824 0 2
0.015034 47775 1868 55 1
0.010373 49028 1904 0 10
0.138772 49469 1917 694 1
0.126916 50002 1932 660 1
0.003141 50474 1945 0 2
0.010229 51505 1975 0 2
0.003524 53146 2022 7 1
0.005528 56851 2128 14 1
0.007187 56932 2130 0 3
0.189247 58080 2163 788 1
0.006384 60196 2224 0 5
0.003249 60934 2245 3 1
0.006187 65231 2368 0 5
0.006803 65233 2368 0 7
0.007927 66744 2412 0 5
0.003531 69224 2483 5 1
0.182987 73736 2612 940 1
0.004042 78624 2753 0 3
0.004728 78760 2756 0 3
0.005182 79348 2773 0 2
0.762829 81678 2840 12 2
0.018531 83105 2881 72 1
0.01409 86305 2973 0 2
0.008685 90705 3099 28 1
0.005322 92419 3149 0 2
0.015009 93593 3182 0 5
0.010338 93807 3189 0 2
0.011438 94459 3207 0 5
0.003526 96861 3276 6 1
0.002552 98732 3330 2 1
0.009207 99255 3345 27 1
0.012738 102177 3429 44 1
0.003597 104450 3494 0 2
0.007558 104517 3496 0 2
0.00425 107037 3569 7 1
0.006471 107223 3574 0 3
0.007487 107901 3594 0 7
0.006464 108624 3614 0 7
0.006025 108967 3625 0 2
0.265378 110361 3664 1325 1
0.005332 110451 3667 13 1
0.010085 112830 3736 32 1
0.003059 113585 3757 2 1
0.043863 113807 3764 0 2
0.001107 115719 3818 0 1
0.005453 116711 3847 0 4
0.021754 118851 3909 0 2
0.004543 119004 3913 11 1
0.016554 121958 3998 0 5
0.019159 125066 4088 0 3
0.007286 128548 4188 0 2
0.027403 129433 4214 115 1
0.012819 129447 4214 48 1
0.001202 134452 4358 0 1
0.003605 134545 4361 5 1
0.006334 135422 4386 0 2
0.011049 138013 4461 0 4
0.018744 138165 4465 64 1
0.010533 138282 4469 34 1
0.043871 138578 4477 0 2
0.006425 139093 4492 0 4
0.030049 139097 4492 123 1
0.004944 140782 4541 0 5
0.005141 141249 4554 9 1
0.003682 141366 4557 0 2
0.005424 146712 4712 0 4
0.002657 147207 4726 2 1
0.006969 149526 4793 21 1
0.003654 152940 4891 4 1
0.00904 155030 4952 0 4
0.003363 155844 4975 5 1
0.006217 159027 5001 1 2
0.004414 161963 5001 8 1
0.008658 162072 5001 0 2
0.008103 163115 5001 0 4
0.027401 168538 5001 115 1
0.009391 169559 5001 0 7
0.014116 169801 5001 0 4
0.02089 173382 5001 0 2
0.014751 173390 5001 51 1
0.012222 173716 5001 0 7
0.009281 175074 5001 0 4
0.019182 176237 5001 0 2
0.003965 176465 5001 6 1
0.01527 177060 5001 0 2
0.011144 179276 5001 0 5
0.041686 179709 5001 160 1
0.011307 180075 5001 0 5
0.008032 183287 5001 0 4
0.005053 183822 5001 5 1
0.015038 184233 5001 0 9
0.012605 186531 5001 0 3
0.020325 192588 5001 0 4
0.021771 192629 5001 85 1
0.021279 192711 5001 83 1
0.009836 192716 5001 0 4
0.011538 193062 5001 0 8
0.007061 194289 5001 17 1
0.008881 194536 5001 0 7
0.057587 195211 5001 0 2
0.025579 195495 5001 98 1
0.016749 197280 5001 0 3
0.007542 197667 5001 0 4
0.029408 198580 5001 0 2
0.015119 199600 5001 58 1
0.030053 200525 5001 126 1
0.016631 202191 5001 0 2
0.011038 203894 5001 0 3
0.060249 203917 5001 0 2
0.01753 205985 5001 0 2
0.027192 210942 5001 105 1
0.495362 212400 5001 2442 1
0.011975 214402 5001 0 3
0.006371 219364 5001 14 1
0.027451 221701 5001 0 2
0.030807 223030 5001 0 2
0.020239 223944 5001 80 1
0.008596 224939 5001 0 4
0.015974 224995 5001 0 2
0.021942 227194 5001 86 1
0.011279 227518 5001 0 8
0.012044 229581 5001 0 10
0.014968 231005 5001 54 1
0.075744 233198 5001 1 2
0.008752 235000 5001 27 1
0.016897 235944 5001 0 3
0.005635 238860 5001 13 1
0.020584 239911 5001 0 4
0.007416 240318 5001 18 1
0.007424 245139 5001 15 1
0.033417 245276 5001 0 2
0.015456 245511 5001 0 2
0.012522 248792 5001 0 3
0.046967 250661 5001 202 1
0.015593 254784 5001 0 4
0.008077 259777 5001 24 1
0.029707 259882 5001 0 3
0.009321 261040 5001 32 1
0.022586 262717 5001 0 7
0.023216 263495 5001 0 3
0.014533 264453 5001 51 1
0.014876 264899 5001 0 5
0.028324 267203 5001 0 3
0.013537 269626 5001 0 3
0.02123 269671 5001 0 3
0.032581 269997 5001 0 2
0.014676 271539 5001 0 4
0.033558 272587 5001 0 2
0.049956 273889 5001 160 1
0.047 274373 5001 1 2
0.032896 275316 5001 0 3
0.022914 276056 5001 87 1
0.036648 277465 5001 155 1
0.025825 279746 5001 0 5
0.067035 280077 5001 243 1
0.017223 282171 5001 61 1
0.03137 282743 5001 128 1
0.032424 285853 5001 0 3
0.08582 286281 5001 0 2
0.008857 287076 5001 30 1
0.012889 290235 5001 0 3
0.008873 291102 5001 27 1
0.015279 291266 5001 58 1
0.022201 294411 5001 0 2
0.046689 294866 5001 191 1
0.002863 421 513 0 3
0.006594 2456 572 27 1
0.006318 3981 615 0 5
0.00666 5021 645 0 6
0.016728 5502 659 88 1
0.001662 5715 665 1 1
0.003396 8623 748 8 1
0.005175 12974 872 10 1
0.008908 13011 873 0 5
0.015981 13305 882 0 2
0.007953 16138 963 0 3
0.008828 16185 964 0 2
0.004942 17804 1010 0 3
0.006908 20162 1078 18 1
0.01396 20695 1093 0 2
0.00818 21069 1104 22 1
0.090818 25207 1222 382 1
0.007927 26045 1246 0 6
0.003043 26146 1249 4 1
0.01314 26489 1259 0 2
0.094896 31760 1409 462 1
0.006695 33543 1460 0 4
0.008913 33544 1460 0 4
0.008146 36272 1538 0 4
0.005962 42096 1705 0 5
0.003013 42529 1718 4 1
0.008876 42985 1731 30 1
0.11365 43102 1734 576 1
0.008645 44521 1775 0 7
0.008531 44662 1779 32 1
0.007542 45399 1800 0 7
0.034423 46468 1830 0 2
0.0051 47639 1864 0 3
0.003068 48088 1877 0 2
0.006461 48673 1893 0 4
0.004003 50282 1940 0 2
0.036412 50375 1942 1 2
0.00495 50980 1960 9 1
0.014529 54245 2053 57 1
0.017276 56029 2104 0 2
0.003765 57095 2135 0 2
0.011105 59365 2200 45 1
0.005119 60808 2241 0 3
0.006073 61320 2256 0 2
0.007502 64764 2355 0 3
0.013685 64930 2360 0 3
0.005231 69453 2489 0 4
0.01182 70689 2525 0 4
0.006161 70716 2525 18 1
0.008605 71196 2539 30 1
0.002064 72602 2579 1 1
0.008834 74597 2637 31 1
0.013088 77713 2726 0 2
0.022266 79173 2768 0 2
0.00494 81335 2830 9 1
0.003274 81942 2848 0 2
0.227834 84114 2910 1092 1
0.018236 84426 2919 0 4
0.006454 87641 3011 0 2
0.015721 88653 3040 0 4
0.024043 92041 3137 86 1
0.007715 95730 3243 0 4
0.009856 97834 3303 0 5
0.030566 98756 3330 0 2
0.009223 101526 3409 0 2
0.005145 101802 3417 13 1
0.020618 103297 3460 0 2
0.008267 104578 3497 26 1
0.075685 104822 3504 0 3
0.004002 106566 3554 0 2
0.002134 108758 3617 2 1
0.006584 109164 3629 17 1
0.008496 109400 3636 0 6
0.017892 109657 3643 0 3
0.007777 109866 3649 24 1
0.007601 111163 3686 0 7
0.018337 111515 3697 0 2
0.001034 111713 3702 0 1
0.018187 116708 3846 0 3
0.049343 116942 3853 0 3
0.005453 117448 3867 0 3
0.002401 120577 3957 1 1
0.00623 120662 3960 0 2
0.007399 121746 3991 20 1
0.011176 122909 4024 36 1
0.004855 124638 4074 0 3
0.011562 127939 4169 43 1
0.358508 128024 4172 1533 1
0.011744 128364 4181 0 3
0.003 133185 4320 3 1
0.005502 134482 4358 0 2
0.01785 135502 4387 0 8
0.004092 137363 4441 6 1
0.009802 145680 4680 0 7
0.018225 147768 4741 76 1
0.030825 150623 4823 133 1
0.009581 153261 4899 0 5
0.021589 154970 4948 72 1
0.023593 162327 5001 0 4
0.007371 165491 5001 22 1
0.028644 168470 5001 0 2
0.019206 168573 5001 0 2
0.010601 170002 5001 0 10
0.013614 170382 5001 0 11
0.006262 170778 5001 10 1
0.010877 172759 5001 1 2
0.011709 175762 5001 0 3
0.009294 176555 5001 27 1
0.008609 178358 5001 0 6
0.027724 178387 5001 111 1
0.013396 180688 5001 0 3
0.006778 181432 5001 13 1
0.013492 181638 5001 0 2
0.01154 184456 5001 38 1
0.010387 184974 5001 0 8
0.004986 186931 5001 10 1
0.024604 191059 5001 0 2
0.016566 192571 5001 0 2
0.02106 193154 5001 1 2
0.026847 195158 5001 0 3
0.035585 196770 5001 0 3
0.032862 198400 5001 0 3
0.022966 198459 5001 0 5
0.005727 198812 5001 11 1
0.023034 199003 5001 0 5
0.007011 200422 5001 18 1
0.009462 201675 5001 30 1
0.00705 203631 5001 18 1
0.012193 205902 5001 0 9
0.004764 208967 5001 9 1
0.007811 211290 5001 14 1
0.003782 219362 5001 6 1
0.019742 220831 5001 75 1
0.018361 221867 5001 0 2
0.022478 223668 5001 0 6
0.026302 224306 5001 107 1
0.023066 224371 5001 0 8
0.016431 227898 5001 0 3
0.024647 231805 5001 97 1
0.014052 231834 5001 50 1
0.01601 231846 5001 0 5
0.00449 233334 5001 9 1
0.597147 234482 5001 2680 1
0.023387 235223 5001 0 2
0.014069 237641 5001 0 2
0.01322 238947 5001 0 6
0.032359 243051 5001 0 4
0.006601 244125 5001 17 1
0.72081 244313 5001 2830 1
0.010159 245011 5001 31 1
0.024317 247442 5001 0 6
0.01867 248898 5001 0 2
0.581441 248932 5001 2805 1
0.046427 249147 5001 0 4
0.022734 253601 5001 0 2
0.01384 257175 5001 0 4
0.027835 258854 5001 119 1
0.014419 261133 5001 0 10
0.074058 261515 5001 0 3
0.008516 261789 5001 25 1
0.02306 263037 5001 96 1
0.019874 263435 5001 0 5
0.009939 265955 5001 30 1
0.026091 270962 5001 0 2
0.015658 271720 5001 57 1
0.007764 271841 5001 21 1
0.028077 272715 5001 0 2
0.01329 274614 5001 45 1
0.006574 278139 5001 13 1
0.033274 281867 5001 0 3
0.012633 285176 5001 42 1
0.016393 288864 5001 0 2
0.017954 289383 5001 0 2
0.010457 289835 5001 32 1
0.018629 291990 5001 69 1
0.085273 293102 5001 0 2
0.024688 293704 5001 0 13
0.029288 294966 5001 0 3
0.001201 992 530 0 1
0.004356 2062 560 0 4
0.004299 2501 573 0 5
0.004324 3310 596 0 3
0.008686 6553 689 0 10
0.005782 7092 704 0 4
0.00379 7227 708 0 2
0.007316 7391 713 0 9
0.008243 8391 741 0 5
0.003706 12080 847 0 2
0.00494 12451 857 9 1
0.002387 14244 908 1 1
0.007142 17331 997 20 1
0.007982 17577 1004 22 1
0.004222 21526 1117 9 1
0.004855 22853 1155 0 3
0.007663 23296 1167 0 9
0.003374 26354 1255 5 1
0.009115 28833 1325 35 1
0.00314 32204 1422 5 1
0.015012 33199 1450 0 2
0.005155 33329 1454 0 2
0.00563 34028 1474 17 1
0.019945 34122 1477 0 2
0.001802 36234 1537 2 1
0.104493 36269 1538 543 1
0.001822 36619 1548 1 1
0.344483 37381 1570 13 2
0.009406 37409 1571 0 2
0.009033 38297 1596 36 1
0.011862 38416 1599 0 2
0.004651 39556 1632 10 1
0.122427 39664 1635 565 1
0.004299 40464 1658 0 3
0.004338 40777 1667 0 3
0.013122 41444 1686 0 3
0.00487 44888 1785 0 2
0.006301 45422 1800 19 1
0.00696 47134 1849 21 1
0.008673 51309 1969 29 1
0.009303 51730 1981 39 1
0.003922 52091 1991 8 1
0.009176 55860 2099 0 3
0.001892 58283 2168 1 1
0.005456 59814 2212 0 4
0.010096 61948 2273 37 1
0.007425 64955 2360 0 5
0.023269 65922 2387 0 2
0.004875 69036 2476 14 1
0.00596 69431 2488 0 5
0.006684 69595 2492 0 3
0.007752 75188 2653 0 6
0.020899 83527 2892 86 1
0.010144 85008 2935 30 1
0.004564 85454 2947 10 1
0.008208 87417 3004 26 1
0.041946 87767 3014 0 4
0.006233 89412 3061 0 2
0.005102 91358 3117 0 3
0.004311 92810 3159 0 3
0.00957 93305 3173 0 9
0.012507 95956 3249 0 2
0.006332 97487 3293 10 1
0.008818 98687 3328 0 9
0.01032 100167 3370 0 6
0.036695 101910 3421 0 5
0.024071 102029 3424 81 1
0.026338 102507 3438 0 2
0.007617 104207 3487 25 1
0.007447 108223 3602 0 2
0.010642 109029 3625 0 5
0.030395 109536 3640 0 3
0.021332 109746 3646 0 2
0.007898 111846 3706 23 1
0.018604 113210 3745 72 1
0.016733 116370 3836 71 1
0.008284 117904 3880 0 9
0.005087 120814 3964 0 2
0.010136 121374 3980 0 2
0.002947 122751 4020 3 1
0.018977 123870 4052 0 3
0.004197 124826 4080 0 3
0.00434 125159 4089 7 1
0.004057 125471 4098 5 1
0.007163 125902 4111 0 2
0.006801 126532 4129 19 1
0.009175 127194 4148 31 1
0.006092 127480 4156 0 2
0.005859 133160 4320 0 7
0.005966 138091 4462 0 2
0.004682 140220 4523 0 2
0.007335 140937 4544 0 7
0.004802 152046 4864 0 2
0.007004 155923 4976 0 2
0.027057 156282 4987 0 2
0.011513 160288 5001 0 2
0.003163 160521 5001 4 1
0.00466 163926 5001 8 1
0.003297 164404 5001 4 1
0.006246 168650 5001 0 2
0.011235 170239 5001 45 1
0.004196 173286 5001 6 1
0.020136 175505 5001 76 1
0.096465 175527 5001 0 2
0.011516 176048 5001 0 2
0.012638 176520 5001 0 3
0.002854 176691 5001 4 1
0.041381 176715 5001 0 2
0.004303 177685 5001 9 1
0.008444 180833 5001 0 4
0.0102 186099 5001 0 3
0.010873 187955 5001 0 9
0.019085 189225 5001 0 2
0.022941 192892 5001 93 1
0.017681 195463 5001 0 2
0.013563 196449 5001 0 5
0.009007 196842 5001 0 6
0.011277 197791 5001 0 3
0.00909 199248 5001 30 1
0.029471 200195 5001 114 1
0.011879 201429 5001 0 2
0.01628 203551 5001 0 2
0.004902 203912 5001 9 1
0.017118 204480 5001 0 3
0.028216 204669 5001 0 3
0.028711 205558 5001 112 1
0.059728 206266 5001 0 3
0.010093 207069 5001 0 5
0.0108 210119 5001 0 5
0.006981 211392 5001 17 1
0.00997 212468 5001 30 1
0.006851 212638 5001 14 1
0.011606 214974 5001 0 3
0.015648 216424 5001 0 2
0.00837 216559 5001 0 3
0.019497 218883 5001 0 7
0.013694 219193 5001 0 6
0.01068 220109 5001 0 6
0.023255 222448 5001 0 2
0.005426 223649 5001 11 1
0.016295 223839 5001 61 1
0.028381 229378 5001 120 1
0.010836 230429 5001 0 2
0.022797 233831 5001 0 2
0.033704 234313 5001 0 2
0.12537 236369 5001 0 2
0.01483 237839 5001 52 1
0.014704 250138 5001 52 1
0.052369 251152 5001 219 1
0.025151 251751 5001 0 3
0.033545 251974 5001 0 2
0.014218 252979 5001 0 3
0.012736 253990 5001 46 1
0.01427 257434 5001 0 4
0.029281 257593 5001 0 3
0.014313 257926 5001 0 9
0.050896 258885 5001 0 4
0.021219 260052 5001 85 1
0.007887 262937 5001 26 1
0.01853 263640 5001 0 5
0.034958 265991 5001 0 2
0.008355 267557 5001 21 1
0.024575 271268 5001 0 3
0.015502 272165 5001 52 1
0.057657 274756 5001 0 2
0.016132 276264 5001 63 1
0.014875 276826 5001 39 1
0.027333 277456 5001 0 3
0.024977 278959 5001 0 2
0.011659 280256 5001 37 1
0.099315 281971 5001 0 2
0.01211 282383 5001 0 3
0.015812 284661 5001 0 4
0.011932 286667 5001 43 1
0.057213 288547 5001 0 2
0.028111 288579 5001 0 2
0.024211 288868 5001 0 3
0.014315 289358 5001 0 5
0.006617 291422 5001 17 1
0.014828 291537 5001 0 2
0.669686 292281 5001 3155 1
0.024983 292583 5001 0 3
0.023196 293298 5001 0 5
0.001 150 506 0 1
0.0011 277 509 0 1
0.004653 2496 573 0 4
0.013468 5797 667 81 1
0.003379 7416 713 7 1
0.007913 14466 915 0 3
0.011499 14830 925 1 2
0.008566 17342 997 0 3
0.009435 18958 1043 0 11
0.003992 21590 1119 0 2
0.006269 21703 1122 17 1
0.006715 21938 1128 20 1
0.007187 22807 1153 0 3
0.005578 23311 1168 13 1
0.008644 24891 1213 0 11
0.00657 24981 1216 0 2
0.004508 25654 1235 0 4
0.008304 29052 1332 0 3
0.007432 29713 1351 31 1
0.006017 30809 1382 0 2
0.004949 33665 1464 0 2
0.013118 36034 1532 0 2
0.01836 39385 1628 0 2
0.009144 40338 1655 0 5
0.009281 41411 1686 0 6
0.005876 41927 1700 0 5
0.008105 42667 1722 29 1
0.034423 43813 1754 0 2
0.010524 45567 1805 0 5
0.007998 47723 1866 25 1
0.01501 48115 1878 0 3
0.009707 48817 1898 36 1
0.015792 52616 2006 52 1
0.003145 55493 2089 0 2
0.011285 57960 2160 41 1
0.005555 61107 2250 15 1
0.00917 61631 2265 31 1
0.017438 62832 2299 0 2
0.010976 63885 2329 0 4
0.004779 66977 2418 0 4
0.005527 70307 2514 13 1
0.009656 71410 2545 29 1
0.008481 73899 2617 29 1
0.012252 75083 2651 0 5
0.012105 75778 2671 0 8
0.003828 78912 2760 6 1
0.217808 78953 2762 1003 1
0.014491 83314 2887 59 1
0.007925 88122 3025 22 1
0.006593 88933 3048 0 6
0.006658 89377 3061 0 6
0.009855 90460 3092 0 3
0.006091 91571 3124 15 1
0.007657 96139 3255 0 2
0.008225 96974 3279 0 2
0.005541 99577 3354 0 5
0.009298 99982 3366 29 1
0.007485 100080 3369 22 1
0.005766 100584 3383 0 3
0.006515 101198 3401 0 2
0.001839 102301 3432 1 1
0.013195 102917 3450 0 3
0.008167 102931 3451 0 2
0.003738 103148 3457 3 1
0.003824 107207 3574 0 3
0.005895 109581 3642 15 1
0.00438 112198 3717 8 1
0.017505 116104 3829 0 5
0.022791 119181 3918 74 1
0.007164 121186 3976 18 1
0.015941 122652 4018 0 2
0.014519 122766 4021 0 2
0.004629 123905 4054 0 3
0.098587 128830 4195 3 2
0.019449 131282 4266 72 1
0.040513 133190 4321 0 2
0.031189 135381 4384 0 2
0.017539 140459 4531 63 1
0.008833 141793 4569 26 1
0.005614 143018 4605 0 2
0.008316 143771 4626 26 1
0.00364 144832 4657 4 1
0.014161 146365 4701 0 6
0.009998 146619 4708 0 3
0.004885 148541 4764 0 3
0.009087 152471 4877 0 2
0.007491 153949 4919 22 1
0.014221 154646 4940 0 4
0.002082 156512 4993 1 1
0.004434 157552 5001 0 2
0.006004 158622 5001 0 2
0.006608 160098 5001 0 2
0.008366 162735 5001 0 5
0.017695 165154 5001 0 2
0.013523 166237 5001 44 1
0.009631 167076 5001 31 1
0.014154 169777 5001 0 2
0.009345 169882 5001 0 3
0.014166 175385 5001 0 2
0.007083 178930 5001 18 1
0.009171 181002 5001 0 2
0.008586 182403 5001 0 6
0.009052 182881 5001 0 3
0.004503 183609 5001 9 1
0.03953 186217 5001 169 1
0.029802 187019 5001 0 2
0.051593 189528 5001 0 2
0.463942 189944 5001 2202 1
0.011403 190134 5001 0 2
0.023059 192718 5001 0 3
0.012394 194632 5001 0 4
0.010957 196096 5001 0 6
0.009485 198109 5001 30 1
0.010791 200201 5001 34 1
0.004981 200734 5001 9 1
0.011184 202177 5001 0 2
0.019525 205577 5001 0 2
0.034132 209407 5001 136 1
0.017628 211830 5001 0 2
0.015931 212358 5001 0 13
0.02003 212493 5001 0 2
0.005267 212698 5001 12 1
0.013264 214892 5001 0 6
0.0126 216430 5001 0 6
0.011512 216889 5001 0 5
0.078565 217187 5001 0 2
0.056092 217411 5001 0 2
0.004871 218600 5001 9 1
0.014794 220269 5001 55 1
0.015306 223584 5001 0 4
0.014906 223825 5001 0 4
0.018035 224597 5001 66 1
0.042954 228020 5001 1 2
0.037007 228104 5001 142 1
0.063857 229798 5001 0 2
0.022523 234070 5001 0 4
0.010952 240265 5001 0 3
0.025337 243687 5001 0 2
0.01747 247701 5001 0 6
0.055666 248319 5001 0 2
0.021511 248923 5001 0 3
0.032133 253144 5001 123 1
0.015751 253573 5001 0 3
0.019646 258917 5001 0 2
0.050852 262790 5001 226 1
0.014861 262986 5001 0 3
0.020574 266087 5001 0 4
0.04117 268214 5001 0 2
0.012963 268953 5001 0 7
0.028925 270428 5001 0 2
0.012733 271589 5001 43 1
0.070899 272486 5001 0 3
0.023232 274564 5001 0 7
0.021612 275586 5001 0 7
0.047553 277447 5001 0 3
0.024946 278262 5001 0 5
0.066007 282325 5001 0 2
0.02509 285565 5001 0 3
0.016696 285642 5001 41 1
0.042525 287179 5001 0 2
0.017184 289802 5001 0 4
0.027434 290428 5001 0 2
0.042746 291612 5001 192 1
0.008452 296585 5001 24 1
