time files tags associatedFiles
460.977 948 506 31 
10387.3 21513 545 604 
13803.9 28767 566 799 
7558.07 43555 601 462 
22605.2 47552 616 1241 
14277.9 47794 617 834 
6078.09 10375 523 326 
5607.51 11520 527 341 
10379.6 20685 539 585 
12653.6 23285 554 677 
10493.9 24563 557 671 
12467.5 30074 571 804 
11559.3 30636 573 761 
16735.2 38971 592 1039 
16873.5 40730 596 1077 
13558.3 58061 638 803 
25672.1 60479 648 1602 
28117.7 70339 677 1727 
28509.5 71008 678 1728 
37070.5 80487 704 1979 
39504.3 82715 712 2089 
42072.7 98011 742 2271 
